,0,1,2,3,4,5,6,7,8,9,10,11,12
0,42,16,24,72,97,37,44,78,66,80,2,27,78
1,23,16,24,72,97,37,44,78,66,80,2,27,78
2,23,60,24,72,97,37,44,78,66,80,2,27,78
3,42,16,42,72,97,37,44,78,66,80,2,27,78
4,23,16,42,72,97,37,44,78,66,80,2,27,78
5,42,60,42,72,97,37,44,78,66,80,2,27,78
6,23,60,42,72,97,37,44,78,66,80,2,27,78
7,42,16,24,49,97,37,44,78,66,80,2,27,78
8,23,16,24,49,97,37,44,78,66,80,2,27,78
9,42,60,24,49,97,37,44,78,66,80,2,27,78
10,23,60,24,49,97,37,44,78,66,80,2,27,78
11,42,16,42,49,97,37,44,78,66,80,2,27,78
12,23,16,42,49,97,37,44,78,66,80,2,27,78
13,23,60,42,49,97,37,44,78,66,80,2,27,78
14,42,16,24,72,33,37,44,78,66,80,2,27,78
15,23,16,24,72,33,37,44,78,66,80,2,27,78
16,42,60,24,72,33,37,44,78,66,80,2,27,78
17,23,60,24,72,33,37,44,78,66,80,2,27,78
18,42,16,42,72,33,37,44,78,66,80,2,27,78
19,23,16,42,72,33,37,44,78,66,80,2,27,78
20,42,60,42,72,33,37,44,78,66,80,2,27,78
21,23,60,42,72,33,37,44,78,66,80,2,27,78
22,42,16,24,49,33,37,44,78,66,80,2,27,78
23,23,16,24,49,33,37,44,78,66,80,2,27,78
24,23,60,24,49,33,37,44,78,66,80,2,27,78
25,42,16,42,49,33,37,44,78,66,80,2,27,78
26,23,16,42,49,33,37,44,78,66,80,2,27,78
27,23,60,42,49,33,37,44,78,66,80,2,27,78
28,23,16,24,72,97,36,44,78,66,80,2,27,78
29,42,60,24,72,97,36,44,78,66,80,2,27,78
30,23,60,24,72,97,36,44,78,66,80,2,27,78
31,42,16,42,72,97,36,44,78,66,80,2,27,78
32,23,16,42,72,97,36,44,78,66,80,2,27,78
33,42,60,42,72,97,36,44,78,66,80,2,27,78
34,23,60,42,72,97,36,44,78,66,80,2,27,78
35,42,16,24,49,97,36,44,78,66,80,2,27,78
36,23,16,24,49,97,36,44,78,66,80,2,27,78
37,42,60,24,49,97,36,44,78,66,80,2,27,78
38,23,60,24,49,97,36,44,78,66,80,2,27,78
39,42,16,42,49,97,36,44,78,66,80,2,27,78
40,23,16,42,49,97,36,44,78,66,80,2,27,78
41,42,60,42,49,97,36,44,78,66,80,2,27,78
42,23,60,42,49,97,36,44,78,66,80,2,27,78
43,42,16,24,72,33,36,44,78,66,80,2,27,78
44,23,16,24,72,33,36,44,78,66,80,2,27,78
45,42,60,24,72,33,36,44,78,66,80,2,27,78
46,23,60,24,72,33,36,44,78,66,80,2,27,78
47,42,16,42,72,33,36,44,78,66,80,2,27,78
48,23,16,42,72,33,36,44,78,66,80,2,27,78
49,42,60,42,72,33,36,44,78,66,80,2,27,78
50,23,60,42,72,33,36,44,78,66,80,2,27,78
51,42,16,24,49,33,36,44,78,66,80,2,27,78
52,23,16,24,49,33,36,44,78,66,80,2,27,78
53,42,60,24,49,33,36,44,78,66,80,2,27,78
54,23,60,24,49,33,36,44,78,66,80,2,27,78
55,42,16,42,49,33,36,44,78,66,80,2,27,78
56,42,60,42,49,33,36,44,78,66,80,2,27,78
57,23,60,42,49,33,36,44,78,66,80,2,27,78
58,23,16,24,72,97,37,30,78,66,80,2,27,78
59,23,60,24,72,97,37,30,78,66,80,2,27,78
60,42,16,42,72,97,37,30,78,66,80,2,27,78
61,23,16,42,72,97,37,30,78,66,80,2,27,78
62,42,60,42,72,97,37,30,78,66,80,2,27,78
63,23,60,42,72,97,37,30,78,66,80,2,27,78
64,42,16,24,49,97,37,30,78,66,80,2,27,78
65,42,60,24,49,97,37,30,78,66,80,2,27,78
66,23,60,24,49,97,37,30,78,66,80,2,27,78
67,42,16,42,49,97,37,30,78,66,80,2,27,78
68,23,16,42,49,97,37,30,78,66,80,2,27,78
69,42,60,42,49,97,37,30,78,66,80,2,27,78
70,23,60,42,49,97,37,30,78,66,80,2,27,78
71,23,16,24,72,33,37,30,78,66,80,2,27,78
72,42,60,24,72,33,37,30,78,66,80,2,27,78
73,23,60,24,72,33,37,30,78,66,80,2,27,78
74,42,16,42,72,33,37,30,78,66,80,2,27,78
75,23,16,42,72,33,37,30,78,66,80,2,27,78
76,42,60,42,72,33,37,30,78,66,80,2,27,78
77,23,60,42,72,33,37,30,78,66,80,2,27,78
78,42,16,24,49,33,37,30,78,66,80,2,27,78
79,23,16,24,49,33,37,30,78,66,80,2,27,78
80,42,60,24,49,33,37,30,78,66,80,2,27,78
81,23,60,24,49,33,37,30,78,66,80,2,27,78
82,42,16,42,49,33,37,30,78,66,80,2,27,78
83,23,16,42,49,33,37,30,78,66,80,2,27,78
84,42,60,42,49,33,37,30,78,66,80,2,27,78
85,23,60,42,49,33,37,30,78,66,80,2,27,78
86,23,16,24,72,97,36,30,78,66,80,2,27,78
87,42,60,24,72,97,36,30,78,66,80,2,27,78
88,23,60,24,72,97,36,30,78,66,80,2,27,78
89,42,16,42,72,97,36,30,78,66,80,2,27,78
90,23,16,42,72,97,36,30,78,66,80,2,27,78
91,42,60,42,72,97,36,30,78,66,80,2,27,78
92,23,60,42,72,97,36,30,78,66,80,2,27,78
93,42,16,24,49,97,36,30,78,66,80,2,27,78
94,23,16,24,49,97,36,30,78,66,80,2,27,78
95,23,60,24,49,97,36,30,78,66,80,2,27,78
96,42,16,42,49,97,36,30,78,66,80,2,27,78
97,23,16,42,49,97,36,30,78,66,80,2,27,78
98,42,60,42,49,97,36,30,78,66,80,2,27,78
99,23,60,42,49,97,36,30,78,66,80,2,27,78
100,42,16,24,72,33,36,30,78,66,80,2,27,78
101,23,16,24,72,33,36,30,78,66,80,2,27,78
102,42,60,24,72,33,36,30,78,66,80,2,27,78
103,23,60,24,72,33,36,30,78,66,80,2,27,78
104,42,16,42,72,33,36,30,78,66,80,2,27,78
105,23,16,42,72,33,36,30,78,66,80,2,27,78
106,42,60,42,72,33,36,30,78,66,80,2,27,78
107,23,60,42,72,33,36,30,78,66,80,2,27,78
108,42,16,24,49,33,36,30,78,66,80,2,27,78
109,23,16,24,49,33,36,30,78,66,80,2,27,78
110,42,60,24,49,33,36,30,78,66,80,2,27,78
111,23,60,24,49,33,36,30,78,66,80,2,27,78
112,42,16,42,49,33,36,30,78,66,80,2,27,78
113,23,16,42,49,33,36,30,78,66,80,2,27,78
114,42,60,42,49,33,36,30,78,66,80,2,27,78
115,23,60,42,49,33,36,30,78,66,80,2,27,78
116,42,16,24,72,97,37,44,42,66,80,2,27,78
117,23,16,24,72,97,37,44,42,66,80,2,27,78
118,42,60,24,72,97,37,44,42,66,80,2,27,78
119,23,60,24,72,97,37,44,42,66,80,2,27,78
120,42,16,42,72,97,37,44,42,66,80,2,27,78
121,23,16,42,72,97,37,44,42,66,80,2,27,78
122,42,60,42,72,97,37,44,42,66,80,2,27,78
123,23,60,42,72,97,37,44,42,66,80,2,27,78
124,42,16,24,49,97,37,44,42,66,80,2,27,78
125,23,16,24,49,97,37,44,42,66,80,2,27,78
126,42,60,24,49,97,37,44,42,66,80,2,27,78
127,23,60,24,49,97,37,44,42,66,80,2,27,78
128,42,16,42,49,97,37,44,42,66,80,2,27,78
129,23,16,42,49,97,37,44,42,66,80,2,27,78
130,42,60,42,49,97,37,44,42,66,80,2,27,78
131,23,60,42,49,97,37,44,42,66,80,2,27,78
132,42,16,24,72,33,37,44,42,66,80,2,27,78
133,23,16,24,72,33,37,44,42,66,80,2,27,78
134,42,60,24,72,33,37,44,42,66,80,2,27,78
135,23,60,24,72,33,37,44,42,66,80,2,27,78
136,42,16,42,72,33,37,44,42,66,80,2,27,78
137,23,16,42,72,33,37,44,42,66,80,2,27,78
138,42,60,42,72,33,37,44,42,66,80,2,27,78
139,23,60,42,72,33,37,44,42,66,80,2,27,78
140,42,16,24,49,33,37,44,42,66,80,2,27,78
141,23,16,24,49,33,37,44,42,66,80,2,27,78
142,42,60,24,49,33,37,44,42,66,80,2,27,78
143,23,60,24,49,33,37,44,42,66,80,2,27,78
144,42,16,42,49,33,37,44,42,66,80,2,27,78
145,23,16,42,49,33,37,44,42,66,80,2,27,78
146,42,60,42,49,33,37,44,42,66,80,2,27,78
147,23,60,42,49,33,37,44,42,66,80,2,27,78
148,42,16,24,72,97,36,44,42,66,80,2,27,78
149,42,60,24,72,97,36,44,42,66,80,2,27,78
150,23,60,24,72,97,36,44,42,66,80,2,27,78
151,42,16,42,72,97,36,44,42,66,80,2,27,78
152,23,16,42,72,97,36,44,42,66,80,2,27,78
153,42,60,42,72,97,36,44,42,66,80,2,27,78
154,23,60,42,72,97,36,44,42,66,80,2,27,78
155,42,16,24,49,97,36,44,42,66,80,2,27,78
156,23,16,24,49,97,36,44,42,66,80,2,27,78
157,42,60,24,49,97,36,44,42,66,80,2,27,78
158,23,60,24,49,97,36,44,42,66,80,2,27,78
159,42,16,42,49,97,36,44,42,66,80,2,27,78
160,23,16,42,49,97,36,44,42,66,80,2,27,78
161,42,60,42,49,97,36,44,42,66,80,2,27,78
162,23,60,42,49,97,36,44,42,66,80,2,27,78
163,42,16,24,72,33,36,44,42,66,80,2,27,78
164,23,16,24,72,33,36,44,42,66,80,2,27,78
165,42,60,24,72,33,36,44,42,66,80,2,27,78
166,23,60,24,72,33,36,44,42,66,80,2,27,78
167,42,16,42,72,33,36,44,42,66,80,2,27,78
168,23,16,42,72,33,36,44,42,66,80,2,27,78
169,42,60,42,72,33,36,44,42,66,80,2,27,78
170,23,60,42,72,33,36,44,42,66,80,2,27,78
171,42,16,24,49,33,36,44,42,66,80,2,27,78
172,23,16,24,49,33,36,44,42,66,80,2,27,78
173,42,60,24,49,33,36,44,42,66,80,2,27,78
174,23,60,24,49,33,36,44,42,66,80,2,27,78
175,42,16,42,49,33,36,44,42,66,80,2,27,78
176,23,16,42,49,33,36,44,42,66,80,2,27,78
177,42,60,42,49,33,36,44,42,66,80,2,27,78
178,23,60,42,49,33,36,44,42,66,80,2,27,78
179,42,16,24,72,97,37,30,42,66,80,2,27,78
180,23,16,24,72,97,37,30,42,66,80,2,27,78
181,42,60,24,72,97,37,30,42,66,80,2,27,78
182,23,60,24,72,97,37,30,42,66,80,2,27,78
183,42,16,42,72,97,37,30,42,66,80,2,27,78
184,23,16,42,72,97,37,30,42,66,80,2,27,78
185,42,60,42,72,97,37,30,42,66,80,2,27,78
186,23,60,42,72,97,37,30,42,66,80,2,27,78
187,42,16,24,49,97,37,30,42,66,80,2,27,78
188,23,16,24,49,97,37,30,42,66,80,2,27,78
189,42,60,24,49,97,37,30,42,66,80,2,27,78
190,23,60,24,49,97,37,30,42,66,80,2,27,78
191,42,16,42,49,97,37,30,42,66,80,2,27,78
192,23,16,42,49,97,37,30,42,66,80,2,27,78
193,42,60,42,49,97,37,30,42,66,80,2,27,78
194,23,60,42,49,97,37,30,42,66,80,2,27,78
195,42,16,24,72,33,37,30,42,66,80,2,27,78
196,23,16,24,72,33,37,30,42,66,80,2,27,78
197,42,60,24,72,33,37,30,42,66,80,2,27,78
198,23,60,24,72,33,37,30,42,66,80,2,27,78
199,42,16,42,72,33,37,30,42,66,80,2,27,78
200,23,16,42,72,33,37,30,42,66,80,2,27,78
201,42,60,42,72,33,37,30,42,66,80,2,27,78
202,23,60,42,72,33,37,30,42,66,80,2,27,78
203,42,16,24,49,33,37,30,42,66,80,2,27,78
204,23,16,24,49,33,37,30,42,66,80,2,27,78
205,42,60,24,49,33,37,30,42,66,80,2,27,78
206,23,60,24,49,33,37,30,42,66,80,2,27,78
207,42,16,42,49,33,37,30,42,66,80,2,27,78
208,23,16,42,49,33,37,30,42,66,80,2,27,78
209,42,60,42,49,33,37,30,42,66,80,2,27,78
210,23,60,42,49,33,37,30,42,66,80,2,27,78
211,42,16,24,72,97,36,30,42,66,80,2,27,78
212,23,16,24,72,97,36,30,42,66,80,2,27,78
213,42,60,24,72,97,36,30,42,66,80,2,27,78
214,23,60,24,72,97,36,30,42,66,80,2,27,78
215,42,16,42,72,97,36,30,42,66,80,2,27,78
216,23,16,42,72,97,36,30,42,66,80,2,27,78
217,42,60,42,72,97,36,30,42,66,80,2,27,78
218,23,60,42,72,97,36,30,42,66,80,2,27,78
219,42,16,24,49,97,36,30,42,66,80,2,27,78
220,23,16,24,49,97,36,30,42,66,80,2,27,78
221,42,60,24,49,97,36,30,42,66,80,2,27,78
222,23,60,24,49,97,36,30,42,66,80,2,27,78
223,42,16,42,49,97,36,30,42,66,80,2,27,78
224,23,16,42,49,97,36,30,42,66,80,2,27,78
225,42,60,42,49,97,36,30,42,66,80,2,27,78
226,23,60,42,49,97,36,30,42,66,80,2,27,78
227,42,16,24,72,33,36,30,42,66,80,2,27,78
228,23,16,24,72,33,36,30,42,66,80,2,27,78
229,42,60,24,72,33,36,30,42,66,80,2,27,78
230,23,60,24,72,33,36,30,42,66,80,2,27,78
231,42,16,42,72,33,36,30,42,66,80,2,27,78
232,23,16,42,72,33,36,30,42,66,80,2,27,78
233,42,60,42,72,33,36,30,42,66,80,2,27,78
234,23,60,42,72,33,36,30,42,66,80,2,27,78
235,42,16,24,49,33,36,30,42,66,80,2,27,78
236,23,16,24,49,33,36,30,42,66,80,2,27,78
237,42,60,24,49,33,36,30,42,66,80,2,27,78
238,23,60,24,49,33,36,30,42,66,80,2,27,78
239,42,16,42,49,33,36,30,42,66,80,2,27,78
240,23,16,42,49,33,36,30,42,66,80,2,27,78
241,42,60,42,49,33,36,30,42,66,80,2,27,78
242,23,60,42,49,33,36,30,42,66,80,2,27,78
243,42,16,24,72,97,37,44,78,20,80,2,27,78
244,23,16,24,72,97,37,44,78,20,80,2,27,78
245,42,60,24,72,97,37,44,78,20,80,2,27,78
246,23,60,24,72,97,37,44,78,20,80,2,27,78
247,42,16,42,72,97,37,44,78,20,80,2,27,78
248,23,16,42,72,97,37,44,78,20,80,2,27,78
249,42,60,42,72,97,37,44,78,20,80,2,27,78
250,23,60,42,72,97,37,44,78,20,80,2,27,78
251,42,16,24,49,97,37,44,78,20,80,2,27,78
252,23,16,24,49,97,37,44,78,20,80,2,27,78
253,23,60,24,49,97,37,44,78,20,80,2,27,78
254,42,16,42,49,97,37,44,78,20,80,2,27,78
255,23,16,42,49,97,37,44,78,20,80,2,27,78
256,42,60,42,49,97,37,44,78,20,80,2,27,78
257,23,60,42,49,97,37,44,78,20,80,2,27,78
258,42,16,24,72,33,37,44,78,20,80,2,27,78
259,23,16,24,72,33,37,44,78,20,80,2,27,78
260,42,60,24,72,33,37,44,78,20,80,2,27,78
261,23,60,24,72,33,37,44,78,20,80,2,27,78
262,42,16,42,72,33,37,44,78,20,80,2,27,78
263,23,16,42,72,33,37,44,78,20,80,2,27,78
264,42,60,42,72,33,37,44,78,20,80,2,27,78
265,23,60,42,72,33,37,44,78,20,80,2,27,78
266,42,16,24,49,33,37,44,78,20,80,2,27,78
267,23,16,24,49,33,37,44,78,20,80,2,27,78
268,23,60,24,49,33,37,44,78,20,80,2,27,78
269,42,16,42,49,33,37,44,78,20,80,2,27,78
270,23,16,42,49,33,37,44,78,20,80,2,27,78
271,42,60,42,49,33,37,44,78,20,80,2,27,78
272,23,60,42,49,33,37,44,78,20,80,2,27,78
273,42,16,24,72,97,36,44,78,20,80,2,27,78
274,23,16,24,72,97,36,44,78,20,80,2,27,78
275,42,60,24,72,97,36,44,78,20,80,2,27,78
276,23,60,24,72,97,36,44,78,20,80,2,27,78
277,42,16,42,72,97,36,44,78,20,80,2,27,78
278,23,16,42,72,97,36,44,78,20,80,2,27,78
279,42,60,42,72,97,36,44,78,20,80,2,27,78
280,23,60,42,72,97,36,44,78,20,80,2,27,78
281,42,16,24,49,97,36,44,78,20,80,2,27,78
282,23,16,24,49,97,36,44,78,20,80,2,27,78
283,42,60,24,49,97,36,44,78,20,80,2,27,78
284,23,60,24,49,97,36,44,78,20,80,2,27,78
285,42,16,42,49,97,36,44,78,20,80,2,27,78
286,23,16,42,49,97,36,44,78,20,80,2,27,78
287,42,60,42,49,97,36,44,78,20,80,2,27,78
288,23,60,42,49,97,36,44,78,20,80,2,27,78
289,42,16,24,72,33,36,44,78,20,80,2,27,78
290,23,16,24,72,33,36,44,78,20,80,2,27,78
291,42,60,24,72,33,36,44,78,20,80,2,27,78
292,23,60,24,72,33,36,44,78,20,80,2,27,78
293,42,16,42,72,33,36,44,78,20,80,2,27,78
294,23,16,42,72,33,36,44,78,20,80,2,27,78
295,42,60,42,72,33,36,44,78,20,80,2,27,78
296,23,60,42,72,33,36,44,78,20,80,2,27,78
297,42,16,24,49,33,36,44,78,20,80,2,27,78
298,23,16,24,49,33,36,44,78,20,80,2,27,78
299,42,60,24,49,33,36,44,78,20,80,2,27,78
300,23,60,24,49,33,36,44,78,20,80,2,27,78
301,42,16,42,49,33,36,44,78,20,80,2,27,78
302,23,16,42,49,33,36,44,78,20,80,2,27,78
303,42,60,42,49,33,36,44,78,20,80,2,27,78
304,23,60,42,49,33,36,44,78,20,80,2,27,78
305,42,16,24,72,97,37,30,78,20,80,2,27,78
306,23,16,24,72,97,37,30,78,20,80,2,27,78
307,23,60,24,72,97,37,30,78,20,80,2,27,78
308,42,16,42,72,97,37,30,78,20,80,2,27,78
309,23,16,42,72,97,37,30,78,20,80,2,27,78
310,42,60,42,72,97,37,30,78,20,80,2,27,78
311,23,60,42,72,97,37,30,78,20,80,2,27,78
312,42,16,24,49,97,37,30,78,20,80,2,27,78
313,23,16,24,49,97,37,30,78,20,80,2,27,78
314,42,60,24,49,97,37,30,78,20,80,2,27,78
315,23,60,24,49,97,37,30,78,20,80,2,27,78
316,42,16,42,49,97,37,30,78,20,80,2,27,78
317,42,60,42,49,97,37,30,78,20,80,2,27,78
318,23,60,42,49,97,37,30,78,20,80,2,27,78
319,42,16,24,72,33,37,30,78,20,80,2,27,78
320,23,16,24,72,33,37,30,78,20,80,2,27,78
321,42,60,24,72,33,37,30,78,20,80,2,27,78
322,23,60,24,72,33,37,30,78,20,80,2,27,78
323,42,16,42,72,33,37,30,78,20,80,2,27,78
324,23,16,42,72,33,37,30,78,20,80,2,27,78
325,23,60,42,72,33,37,30,78,20,80,2,27,78
326,42,16,24,49,33,37,30,78,20,80,2,27,78
327,23,16,24,49,33,37,30,78,20,80,2,27,78
328,42,60,24,49,33,37,30,78,20,80,2,27,78
329,23,60,24,49,33,37,30,78,20,80,2,27,78
330,42,16,42,49,33,37,30,78,20,80,2,27,78
331,23,16,42,49,33,37,30,78,20,80,2,27,78
332,42,60,42,49,33,37,30,78,20,80,2,27,78
333,23,60,42,49,33,37,30,78,20,80,2,27,78
334,42,16,24,72,97,36,30,78,20,80,2,27,78
335,42,60,24,72,97,36,30,78,20,80,2,27,78
336,23,60,24,72,97,36,30,78,20,80,2,27,78
337,42,16,42,72,97,36,30,78,20,80,2,27,78
338,23,16,42,72,97,36,30,78,20,80,2,27,78
339,42,60,42,72,97,36,30,78,20,80,2,27,78
340,23,60,42,72,97,36,30,78,20,80,2,27,78
341,42,16,24,49,97,36,30,78,20,80,2,27,78
342,23,16,24,49,97,36,30,78,20,80,2,27,78
343,42,60,24,49,97,36,30,78,20,80,2,27,78
344,23,60,24,49,97,36,30,78,20,80,2,27,78
345,42,16,42,49,97,36,30,78,20,80,2,27,78
346,23,16,42,49,97,36,30,78,20,80,2,27,78
347,42,60,42,49,97,36,30,78,20,80,2,27,78
348,23,60,42,49,97,36,30,78,20,80,2,27,78
349,42,16,24,72,33,36,30,78,20,80,2,27,78
350,23,16,24,72,33,36,30,78,20,80,2,27,78
351,42,60,24,72,33,36,30,78,20,80,2,27,78
352,23,60,24,72,33,36,30,78,20,80,2,27,78
353,42,16,42,72,33,36,30,78,20,80,2,27,78
354,23,16,42,72,33,36,30,78,20,80,2,27,78
355,42,60,42,72,33,36,30,78,20,80,2,27,78
356,23,60,42,72,33,36,30,78,20,80,2,27,78
357,42,16,24,49,33,36,30,78,20,80,2,27,78
358,23,16,24,49,33,36,30,78,20,80,2,27,78
359,42,60,24,49,33,36,30,78,20,80,2,27,78
360,23,60,24,49,33,36,30,78,20,80,2,27,78
361,42,16,42,49,33,36,30,78,20,80,2,27,78
362,23,16,42,49,33,36,30,78,20,80,2,27,78
363,42,60,42,49,33,36,30,78,20,80,2,27,78
364,23,60,42,49,33,36,30,78,20,80,2,27,78
365,42,16,24,72,97,37,44,42,20,80,2,27,78
366,23,16,24,72,97,37,44,42,20,80,2,27,78
367,42,60,24,72,97,37,44,42,20,80,2,27,78
368,23,60,24,72,97,37,44,42,20,80,2,27,78
369,42,16,42,72,97,37,44,42,20,80,2,27,78
370,23,16,42,72,97,37,44,42,20,80,2,27,78
371,42,60,42,72,97,37,44,42,20,80,2,27,78
372,23,60,42,72,97,37,44,42,20,80,2,27,78
373,42,16,24,49,97,37,44,42,20,80,2,27,78
374,23,16,24,49,97,37,44,42,20,80,2,27,78
375,42,60,24,49,97,37,44,42,20,80,2,27,78
376,23,60,24,49,97,37,44,42,20,80,2,27,78
377,42,16,42,49,97,37,44,42,20,80,2,27,78
378,23,16,42,49,97,37,44,42,20,80,2,27,78
379,42,60,42,49,97,37,44,42,20,80,2,27,78
380,23,60,42,49,97,37,44,42,20,80,2,27,78
381,42,16,24,72,33,37,44,42,20,80,2,27,78
382,23,16,24,72,33,37,44,42,20,80,2,27,78
383,42,60,24,72,33,37,44,42,20,80,2,27,78
384,23,60,24,72,33,37,44,42,20,80,2,27,78
385,42,16,42,72,33,37,44,42,20,80,2,27,78
386,23,16,42,72,33,37,44,42,20,80,2,27,78
387,42,60,42,72,33,37,44,42,20,80,2,27,78
388,23,60,42,72,33,37,44,42,20,80,2,27,78
389,42,16,24,49,33,37,44,42,20,80,2,27,78
390,23,16,24,49,33,37,44,42,20,80,2,27,78
391,42,60,24,49,33,37,44,42,20,80,2,27,78
392,23,60,24,49,33,37,44,42,20,80,2,27,78
393,42,16,42,49,33,37,44,42,20,80,2,27,78
394,23,16,42,49,33,37,44,42,20,80,2,27,78
395,42,60,42,49,33,37,44,42,20,80,2,27,78
396,23,60,42,49,33,37,44,42,20,80,2,27,78
397,42,16,24,72,97,36,44,42,20,80,2,27,78
398,23,16,24,72,97,36,44,42,20,80,2,27,78
399,42,60,24,72,97,36,44,42,20,80,2,27,78
400,23,60,24,72,97,36,44,42,20,80,2,27,78
401,42,16,42,72,97,36,44,42,20,80,2,27,78
402,23,16,42,72,97,36,44,42,20,80,2,27,78
403,42,60,42,72,97,36,44,42,20,80,2,27,78
404,23,60,42,72,97,36,44,42,20,80,2,27,78
405,42,16,24,49,97,36,44,42,20,80,2,27,78
406,23,16,24,49,97,36,44,42,20,80,2,27,78
407,42,60,24,49,97,36,44,42,20,80,2,27,78
408,23,60,24,49,97,36,44,42,20,80,2,27,78
409,42,16,42,49,97,36,44,42,20,80,2,27,78
410,23,16,42,49,97,36,44,42,20,80,2,27,78
411,42,60,42,49,97,36,44,42,20,80,2,27,78
412,23,60,42,49,97,36,44,42,20,80,2,27,78
413,42,16,24,72,33,36,44,42,20,80,2,27,78
414,23,16,24,72,33,36,44,42,20,80,2,27,78
415,42,60,24,72,33,36,44,42,20,80,2,27,78
416,23,60,24,72,33,36,44,42,20,80,2,27,78
417,42,16,42,72,33,36,44,42,20,80,2,27,78
418,23,16,42,72,33,36,44,42,20,80,2,27,78
419,42,60,42,72,33,36,44,42,20,80,2,27,78
420,23,60,42,72,33,36,44,42,20,80,2,27,78
421,42,16,24,49,33,36,44,42,20,80,2,27,78
422,23,16,24,49,33,36,44,42,20,80,2,27,78
423,42,60,24,49,33,36,44,42,20,80,2,27,78
424,23,60,24,49,33,36,44,42,20,80,2,27,78
425,42,16,42,49,33,36,44,42,20,80,2,27,78
426,23,16,42,49,33,36,44,42,20,80,2,27,78
427,42,60,42,49,33,36,44,42,20,80,2,27,78
428,23,60,42,49,33,36,44,42,20,80,2,27,78
429,42,16,24,72,97,37,30,42,20,80,2,27,78
430,23,16,24,72,97,37,30,42,20,80,2,27,78
431,42,60,24,72,97,37,30,42,20,80,2,27,78
432,23,60,24,72,97,37,30,42,20,80,2,27,78
433,42,16,42,72,97,37,30,42,20,80,2,27,78
434,23,16,42,72,97,37,30,42,20,80,2,27,78
435,42,60,42,72,97,37,30,42,20,80,2,27,78
436,23,60,42,72,97,37,30,42,20,80,2,27,78
437,42,16,24,49,97,37,30,42,20,80,2,27,78
438,23,16,24,49,97,37,30,42,20,80,2,27,78
439,42,60,24,49,97,37,30,42,20,80,2,27,78
440,23,60,24,49,97,37,30,42,20,80,2,27,78
441,42,16,42,49,97,37,30,42,20,80,2,27,78
442,23,16,42,49,97,37,30,42,20,80,2,27,78
443,42,60,42,49,97,37,30,42,20,80,2,27,78
444,23,60,42,49,97,37,30,42,20,80,2,27,78
445,42,16,24,72,33,37,30,42,20,80,2,27,78
446,23,16,24,72,33,37,30,42,20,80,2,27,78
447,42,60,24,72,33,37,30,42,20,80,2,27,78
448,23,60,24,72,33,37,30,42,20,80,2,27,78
449,42,16,42,72,33,37,30,42,20,80,2,27,78
450,23,16,42,72,33,37,30,42,20,80,2,27,78
451,42,60,42,72,33,37,30,42,20,80,2,27,78
452,23,60,42,72,33,37,30,42,20,80,2,27,78
453,42,16,24,49,33,37,30,42,20,80,2,27,78
454,23,16,24,49,33,37,30,42,20,80,2,27,78
455,42,60,24,49,33,37,30,42,20,80,2,27,78
456,23,60,24,49,33,37,30,42,20,80,2,27,78
457,42,16,42,49,33,37,30,42,20,80,2,27,78
458,23,16,42,49,33,37,30,42,20,80,2,27,78
459,42,60,42,49,33,37,30,42,20,80,2,27,78
460,23,60,42,49,33,37,30,42,20,80,2,27,78
461,42,16,24,72,97,36,30,42,20,80,2,27,78
462,23,16,24,72,97,36,30,42,20,80,2,27,78
463,42,60,24,72,97,36,30,42,20,80,2,27,78
464,23,60,24,72,97,36,30,42,20,80,2,27,78
465,42,16,42,72,97,36,30,42,20,80,2,27,78
466,23,16,42,72,97,36,30,42,20,80,2,27,78
467,42,60,42,72,97,36,30,42,20,80,2,27,78
468,42,16,24,49,97,36,30,42,20,80,2,27,78
469,23,16,24,49,97,36,30,42,20,80,2,27,78
470,42,60,24,49,97,36,30,42,20,80,2,27,78
471,23,60,24,49,97,36,30,42,20,80,2,27,78
472,42,16,42,49,97,36,30,42,20,80,2,27,78
473,23,16,42,49,97,36,30,42,20,80,2,27,78
474,42,60,42,49,97,36,30,42,20,80,2,27,78
475,23,60,42,49,97,36,30,42,20,80,2,27,78
476,42,16,24,72,33,36,30,42,20,80,2,27,78
477,23,16,24,72,33,36,30,42,20,80,2,27,78
478,42,60,24,72,33,36,30,42,20,80,2,27,78
479,23,60,24,72,33,36,30,42,20,80,2,27,78
480,42,16,42,72,33,36,30,42,20,80,2,27,78
481,23,16,42,72,33,36,30,42,20,80,2,27,78
482,42,60,42,72,33,36,30,42,20,80,2,27,78
483,23,60,42,72,33,36,30,42,20,80,2,27,78
484,42,16,24,49,33,36,30,42,20,80,2,27,78
485,23,16,24,49,33,36,30,42,20,80,2,27,78
486,23,60,24,49,33,36,30,42,20,80,2,27,78
487,42,16,42,49,33,36,30,42,20,80,2,27,78
488,23,16,42,49,33,36,30,42,20,80,2,27,78
489,42,60,42,49,33,36,30,42,20,80,2,27,78
490,23,60,42,49,33,36,30,42,20,80,2,27,78
491,42,16,24,72,97,37,44,78,66,21,2,27,78
492,23,16,24,72,97,37,44,78,66,21,2,27,78
493,42,60,24,72,97,37,44,78,66,21,2,27,78
494,23,60,24,72,97,37,44,78,66,21,2,27,78
495,42,16,42,72,97,37,44,78,66,21,2,27,78
496,23,16,42,72,97,37,44,78,66,21,2,27,78
497,42,60,42,72,97,37,44,78,66,21,2,27,78
498,23,60,42,72,97,37,44,78,66,21,2,27,78
499,42,16,24,49,97,37,44,78,66,21,2,27,78
500,23,16,24,49,97,37,44,78,66,21,2,27,78
501,42,60,24,49,97,37,44,78,66,21,2,27,78
502,23,60,24,49,97,37,44,78,66,21,2,27,78
503,42,16,42,49,97,37,44,78,66,21,2,27,78
504,23,16,42,49,97,37,44,78,66,21,2,27,78
505,42,60,42,49,97,37,44,78,66,21,2,27,78
506,23,60,42,49,97,37,44,78,66,21,2,27,78
507,42,16,24,72,33,37,44,78,66,21,2,27,78
508,23,16,24,72,33,37,44,78,66,21,2,27,78
509,42,60,24,72,33,37,44,78,66,21,2,27,78
510,23,60,24,72,33,37,44,78,66,21,2,27,78
511,42,16,42,72,33,37,44,78,66,21,2,27,78
512,23,16,42,72,33,37,44,78,66,21,2,27,78
513,42,60,42,72,33,37,44,78,66,21,2,27,78
514,23,60,42,72,33,37,44,78,66,21,2,27,78
515,42,16,24,49,33,37,44,78,66,21,2,27,78
516,23,16,24,49,33,37,44,78,66,21,2,27,78
517,42,60,24,49,33,37,44,78,66,21,2,27,78
518,23,60,24,49,33,37,44,78,66,21,2,27,78
519,42,16,42,49,33,37,44,78,66,21,2,27,78
520,23,16,42,49,33,37,44,78,66,21,2,27,78
521,42,60,42,49,33,37,44,78,66,21,2,27,78
522,23,60,42,49,33,37,44,78,66,21,2,27,78
523,42,16,24,72,97,36,44,78,66,21,2,27,78
524,23,16,24,72,97,36,44,78,66,21,2,27,78
525,42,60,24,72,97,36,44,78,66,21,2,27,78
526,23,60,24,72,97,36,44,78,66,21,2,27,78
527,42,16,42,72,97,36,44,78,66,21,2,27,78
528,23,16,42,72,97,36,44,78,66,21,2,27,78
529,42,60,42,72,97,36,44,78,66,21,2,27,78
530,23,60,42,72,97,36,44,78,66,21,2,27,78
531,42,16,24,49,97,36,44,78,66,21,2,27,78
532,23,16,24,49,97,36,44,78,66,21,2,27,78
533,42,60,24,49,97,36,44,78,66,21,2,27,78
534,23,60,24,49,97,36,44,78,66,21,2,27,78
535,42,16,42,49,97,36,44,78,66,21,2,27,78
536,23,16,42,49,97,36,44,78,66,21,2,27,78
537,42,60,42,49,97,36,44,78,66,21,2,27,78
538,23,60,42,49,97,36,44,78,66,21,2,27,78
539,42,16,24,72,33,36,44,78,66,21,2,27,78
540,23,16,24,72,33,36,44,78,66,21,2,27,78
541,42,60,24,72,33,36,44,78,66,21,2,27,78
542,23,60,24,72,33,36,44,78,66,21,2,27,78
543,42,16,42,72,33,36,44,78,66,21,2,27,78
544,23,16,42,72,33,36,44,78,66,21,2,27,78
545,42,60,42,72,33,36,44,78,66,21,2,27,78
546,23,60,42,72,33,36,44,78,66,21,2,27,78
547,42,16,24,49,33,36,44,78,66,21,2,27,78
548,23,16,24,49,33,36,44,78,66,21,2,27,78
549,42,60,24,49,33,36,44,78,66,21,2,27,78
550,23,60,24,49,33,36,44,78,66,21,2,27,78
551,42,16,42,49,33,36,44,78,66,21,2,27,78
552,23,16,42,49,33,36,44,78,66,21,2,27,78
553,42,60,42,49,33,36,44,78,66,21,2,27,78
554,23,60,42,49,33,36,44,78,66,21,2,27,78
555,42,16,24,72,97,37,30,78,66,21,2,27,78
556,23,16,24,72,97,37,30,78,66,21,2,27,78
557,23,60,24,72,97,37,30,78,66,21,2,27,78
558,42,16,42,72,97,37,30,78,66,21,2,27,78
559,23,16,42,72,97,37,30,78,66,21,2,27,78
560,42,60,42,72,97,37,30,78,66,21,2,27,78
561,42,16,24,49,97,37,30,78,66,21,2,27,78
562,23,16,24,49,97,37,30,78,66,21,2,27,78
563,42,60,24,49,97,37,30,78,66,21,2,27,78
564,23,60,24,49,97,37,30,78,66,21,2,27,78
565,42,16,42,49,97,37,30,78,66,21,2,27,78
566,23,16,42,49,97,37,30,78,66,21,2,27,78
567,42,60,42,49,97,37,30,78,66,21,2,27,78
568,23,60,42,49,97,37,30,78,66,21,2,27,78
569,23,16,24,72,33,37,30,78,66,21,2,27,78
570,42,60,24,72,33,37,30,78,66,21,2,27,78
571,23,60,24,72,33,37,30,78,66,21,2,27,78
572,42,16,42,72,33,37,30,78,66,21,2,27,78
573,23,16,42,72,33,37,30,78,66,21,2,27,78
574,42,60,42,72,33,37,30,78,66,21,2,27,78
575,23,60,42,72,33,37,30,78,66,21,2,27,78
576,42,16,24,49,33,37,30,78,66,21,2,27,78
577,23,16,24,49,33,37,30,78,66,21,2,27,78
578,42,60,24,49,33,37,30,78,66,21,2,27,78
579,23,60,24,49,33,37,30,78,66,21,2,27,78
580,42,16,42,49,33,37,30,78,66,21,2,27,78
581,23,16,42,49,33,37,30,78,66,21,2,27,78
582,42,60,42,49,33,37,30,78,66,21,2,27,78
583,23,60,42,49,33,37,30,78,66,21,2,27,78
584,42,16,24,72,97,36,30,78,66,21,2,27,78
585,23,60,24,72,97,36,30,78,66,21,2,27,78
586,42,16,42,72,97,36,30,78,66,21,2,27,78
587,23,16,42,72,97,36,30,78,66,21,2,27,78
588,42,60,42,72,97,36,30,78,66,21,2,27,78
589,23,60,42,72,97,36,30,78,66,21,2,27,78
590,23,16,24,49,97,36,30,78,66,21,2,27,78
591,42,60,24,49,97,36,30,78,66,21,2,27,78
592,23,60,24,49,97,36,30,78,66,21,2,27,78
593,42,16,42,49,97,36,30,78,66,21,2,27,78
594,23,16,42,49,97,36,30,78,66,21,2,27,78
595,42,60,42,49,97,36,30,78,66,21,2,27,78
596,23,60,42,49,97,36,30,78,66,21,2,27,78
597,42,16,24,72,33,36,30,78,66,21,2,27,78
598,23,16,24,72,33,36,30,78,66,21,2,27,78
599,42,60,24,72,33,36,30,78,66,21,2,27,78
600,23,60,24,72,33,36,30,78,66,21,2,27,78
601,42,16,42,72,33,36,30,78,66,21,2,27,78
602,23,16,42,72,33,36,30,78,66,21,2,27,78
603,42,60,42,72,33,36,30,78,66,21,2,27,78
604,23,60,42,72,33,36,30,78,66,21,2,27,78
605,42,16,24,49,33,36,30,78,66,21,2,27,78
606,23,16,24,49,33,36,30,78,66,21,2,27,78
607,42,60,24,49,33,36,30,78,66,21,2,27,78
608,23,60,24,49,33,36,30,78,66,21,2,27,78
609,42,16,42,49,33,36,30,78,66,21,2,27,78
610,23,16,42,49,33,36,30,78,66,21,2,27,78
611,42,60,42,49,33,36,30,78,66,21,2,27,78
612,23,60,42,49,33,36,30,78,66,21,2,27,78
613,42,16,24,72,97,37,44,42,66,21,2,27,78
614,23,16,24,72,97,37,44,42,66,21,2,27,78
615,42,60,24,72,97,37,44,42,66,21,2,27,78
616,23,60,24,72,97,37,44,42,66,21,2,27,78
617,42,16,42,72,97,37,44,42,66,21,2,27,78
618,23,16,42,72,97,37,44,42,66,21,2,27,78
619,42,60,42,72,97,37,44,42,66,21,2,27,78
620,23,60,42,72,97,37,44,42,66,21,2,27,78
621,42,16,24,49,97,37,44,42,66,21,2,27,78
622,23,16,24,49,97,37,44,42,66,21,2,27,78
623,42,60,24,49,97,37,44,42,66,21,2,27,78
624,23,60,24,49,97,37,44,42,66,21,2,27,78
625,42,16,42,49,97,37,44,42,66,21,2,27,78
626,23,16,42,49,97,37,44,42,66,21,2,27,78
627,42,60,42,49,97,37,44,42,66,21,2,27,78
628,23,60,42,49,97,37,44,42,66,21,2,27,78
629,42,16,24,72,33,37,44,42,66,21,2,27,78
630,23,16,24,72,33,37,44,42,66,21,2,27,78
631,42,60,24,72,33,37,44,42,66,21,2,27,78
632,23,60,24,72,33,37,44,42,66,21,2,27,78
633,42,16,42,72,33,37,44,42,66,21,2,27,78
634,23,16,42,72,33,37,44,42,66,21,2,27,78
635,42,60,42,72,33,37,44,42,66,21,2,27,78
636,23,60,42,72,33,37,44,42,66,21,2,27,78
637,42,16,24,49,33,37,44,42,66,21,2,27,78
638,23,16,24,49,33,37,44,42,66,21,2,27,78
639,42,60,24,49,33,37,44,42,66,21,2,27,78
640,23,60,24,49,33,37,44,42,66,21,2,27,78
641,42,16,42,49,33,37,44,42,66,21,2,27,78
642,23,16,42,49,33,37,44,42,66,21,2,27,78
643,42,60,42,49,33,37,44,42,66,21,2,27,78
644,23,60,42,49,33,37,44,42,66,21,2,27,78
645,42,16,24,72,97,36,44,42,66,21,2,27,78
646,23,16,24,72,97,36,44,42,66,21,2,27,78
647,42,60,24,72,97,36,44,42,66,21,2,27,78
648,23,60,24,72,97,36,44,42,66,21,2,27,78
649,42,16,42,72,97,36,44,42,66,21,2,27,78
650,23,16,42,72,97,36,44,42,66,21,2,27,78
651,42,60,42,72,97,36,44,42,66,21,2,27,78
652,23,60,42,72,97,36,44,42,66,21,2,27,78
653,42,16,24,49,97,36,44,42,66,21,2,27,78
654,23,16,24,49,97,36,44,42,66,21,2,27,78
655,42,60,24,49,97,36,44,42,66,21,2,27,78
656,23,60,24,49,97,36,44,42,66,21,2,27,78
657,42,16,42,49,97,36,44,42,66,21,2,27,78
658,23,16,42,49,97,36,44,42,66,21,2,27,78
659,42,60,42,49,97,36,44,42,66,21,2,27,78
660,23,60,42,49,97,36,44,42,66,21,2,27,78
661,42,16,24,72,33,36,44,42,66,21,2,27,78
662,23,16,24,72,33,36,44,42,66,21,2,27,78
663,42,60,24,72,33,36,44,42,66,21,2,27,78
664,23,60,24,72,33,36,44,42,66,21,2,27,78
665,42,16,42,72,33,36,44,42,66,21,2,27,78
666,23,16,42,72,33,36,44,42,66,21,2,27,78
667,42,60,42,72,33,36,44,42,66,21,2,27,78
668,23,60,42,72,33,36,44,42,66,21,2,27,78
669,42,16,24,49,33,36,44,42,66,21,2,27,78
670,23,16,24,49,33,36,44,42,66,21,2,27,78
671,42,60,24,49,33,36,44,42,66,21,2,27,78
672,23,60,24,49,33,36,44,42,66,21,2,27,78
673,42,16,42,49,33,36,44,42,66,21,2,27,78
674,23,16,42,49,33,36,44,42,66,21,2,27,78
675,23,60,42,49,33,36,44,42,66,21,2,27,78
676,42,16,24,72,97,37,30,42,66,21,2,27,78
677,42,60,24,72,97,37,30,42,66,21,2,27,78
678,23,60,24,72,97,37,30,42,66,21,2,27,78
679,42,16,42,72,97,37,30,42,66,21,2,27,78
680,23,16,42,72,97,37,30,42,66,21,2,27,78
681,42,60,42,72,97,37,30,42,66,21,2,27,78
682,23,60,42,72,97,37,30,42,66,21,2,27,78
683,42,16,24,49,97,37,30,42,66,21,2,27,78
684,23,16,24,49,97,37,30,42,66,21,2,27,78
685,42,60,24,49,97,37,30,42,66,21,2,27,78
686,23,60,24,49,97,37,30,42,66,21,2,27,78
687,42,16,42,49,97,37,30,42,66,21,2,27,78
688,23,16,42,49,97,37,30,42,66,21,2,27,78
689,42,60,42,49,97,37,30,42,66,21,2,27,78
690,23,60,42,49,97,37,30,42,66,21,2,27,78
691,42,16,24,72,33,37,30,42,66,21,2,27,78
692,23,16,24,72,33,37,30,42,66,21,2,27,78
693,42,60,24,72,33,37,30,42,66,21,2,27,78
694,23,60,24,72,33,37,30,42,66,21,2,27,78
695,42,16,42,72,33,37,30,42,66,21,2,27,78
696,23,16,42,72,33,37,30,42,66,21,2,27,78
697,42,60,42,72,33,37,30,42,66,21,2,27,78
698,23,60,42,72,33,37,30,42,66,21,2,27,78
699,42,16,24,49,33,37,30,42,66,21,2,27,78
700,23,16,24,49,33,37,30,42,66,21,2,27,78
701,42,60,24,49,33,37,30,42,66,21,2,27,78
702,23,60,24,49,33,37,30,42,66,21,2,27,78
703,42,16,42,49,33,37,30,42,66,21,2,27,78
704,23,16,42,49,33,37,30,42,66,21,2,27,78
705,42,60,42,49,33,37,30,42,66,21,2,27,78
706,23,60,42,49,33,37,30,42,66,21,2,27,78
707,42,16,24,72,97,36,30,42,66,21,2,27,78
708,23,16,24,72,97,36,30,42,66,21,2,27,78
709,42,60,24,72,97,36,30,42,66,21,2,27,78
710,23,60,24,72,97,36,30,42,66,21,2,27,78
711,42,16,42,72,97,36,30,42,66,21,2,27,78
712,23,16,42,72,97,36,30,42,66,21,2,27,78
713,42,60,42,72,97,36,30,42,66,21,2,27,78
714,23,60,42,72,97,36,30,42,66,21,2,27,78
715,42,16,24,49,97,36,30,42,66,21,2,27,78
716,23,16,24,49,97,36,30,42,66,21,2,27,78
717,42,60,24,49,97,36,30,42,66,21,2,27,78
718,23,60,24,49,97,36,30,42,66,21,2,27,78
719,42,16,42,49,97,36,30,42,66,21,2,27,78
720,23,16,42,49,97,36,30,42,66,21,2,27,78
721,42,60,42,49,97,36,30,42,66,21,2,27,78
722,23,60,42,49,97,36,30,42,66,21,2,27,78
723,42,16,24,72,33,36,30,42,66,21,2,27,78
724,23,16,24,72,33,36,30,42,66,21,2,27,78
725,42,60,24,72,33,36,30,42,66,21,2,27,78
726,23,60,24,72,33,36,30,42,66,21,2,27,78
727,42,16,42,72,33,36,30,42,66,21,2,27,78
728,23,16,42,72,33,36,30,42,66,21,2,27,78
729,42,60,42,72,33,36,30,42,66,21,2,27,78
730,23,60,42,72,33,36,30,42,66,21,2,27,78
731,42,16,24,49,33,36,30,42,66,21,2,27,78
732,23,16,24,49,33,36,30,42,66,21,2,27,78
733,42,60,24,49,33,36,30,42,66,21,2,27,78
734,23,60,24,49,33,36,30,42,66,21,2,27,78
735,42,16,42,49,33,36,30,42,66,21,2,27,78
736,23,16,42,49,33,36,30,42,66,21,2,27,78
737,42,60,42,49,33,36,30,42,66,21,2,27,78
738,23,60,42,49,33,36,30,42,66,21,2,27,78
739,42,16,24,72,97,37,44,78,20,21,2,27,78
740,23,16,24,72,97,37,44,78,20,21,2,27,78
741,42,60,24,72,97,37,44,78,20,21,2,27,78
742,23,60,24,72,97,37,44,78,20,21,2,27,78
743,42,16,42,72,97,37,44,78,20,21,2,27,78
744,23,16,42,72,97,37,44,78,20,21,2,27,78
745,42,60,42,72,97,37,44,78,20,21,2,27,78
746,23,60,42,72,97,37,44,78,20,21,2,27,78
747,42,16,24,49,97,37,44,78,20,21,2,27,78
748,23,16,24,49,97,37,44,78,20,21,2,27,78
749,42,60,24,49,97,37,44,78,20,21,2,27,78
750,42,16,42,49,97,37,44,78,20,21,2,27,78
751,23,16,42,49,97,37,44,78,20,21,2,27,78
752,42,60,42,49,97,37,44,78,20,21,2,27,78
753,23,60,42,49,97,37,44,78,20,21,2,27,78
754,42,16,24,72,33,37,44,78,20,21,2,27,78
755,23,16,24,72,33,37,44,78,20,21,2,27,78
756,42,60,24,72,33,37,44,78,20,21,2,27,78
757,23,60,24,72,33,37,44,78,20,21,2,27,78
758,42,16,42,72,33,37,44,78,20,21,2,27,78
759,23,16,42,72,33,37,44,78,20,21,2,27,78
760,42,60,42,72,33,37,44,78,20,21,2,27,78
761,23,60,42,72,33,37,44,78,20,21,2,27,78
762,42,16,24,49,33,37,44,78,20,21,2,27,78
763,23,16,24,49,33,37,44,78,20,21,2,27,78
764,42,60,24,49,33,37,44,78,20,21,2,27,78
765,23,60,24,49,33,37,44,78,20,21,2,27,78
766,42,16,42,49,33,37,44,78,20,21,2,27,78
767,23,16,42,49,33,37,44,78,20,21,2,27,78
768,42,60,42,49,33,37,44,78,20,21,2,27,78
769,23,60,42,49,33,37,44,78,20,21,2,27,78
770,42,16,24,72,97,36,44,78,20,21,2,27,78
771,23,16,24,72,97,36,44,78,20,21,2,27,78
772,42,60,24,72,97,36,44,78,20,21,2,27,78
773,23,60,24,72,97,36,44,78,20,21,2,27,78
774,42,16,42,72,97,36,44,78,20,21,2,27,78
775,23,16,42,72,97,36,44,78,20,21,2,27,78
776,42,60,42,72,97,36,44,78,20,21,2,27,78
777,23,60,42,72,97,36,44,78,20,21,2,27,78
778,42,16,24,49,97,36,44,78,20,21,2,27,78
779,23,16,24,49,97,36,44,78,20,21,2,27,78
780,42,60,24,49,97,36,44,78,20,21,2,27,78
781,23,60,24,49,97,36,44,78,20,21,2,27,78
782,42,16,42,49,97,36,44,78,20,21,2,27,78
783,23,16,42,49,97,36,44,78,20,21,2,27,78
784,23,60,42,49,97,36,44,78,20,21,2,27,78
785,42,16,24,72,33,36,44,78,20,21,2,27,78
786,23,16,24,72,33,36,44,78,20,21,2,27,78
787,42,60,24,72,33,36,44,78,20,21,2,27,78
788,23,60,24,72,33,36,44,78,20,21,2,27,78
789,42,16,42,72,33,36,44,78,20,21,2,27,78
790,23,16,42,72,33,36,44,78,20,21,2,27,78
791,42,60,42,72,33,36,44,78,20,21,2,27,78
792,23,60,42,72,33,36,44,78,20,21,2,27,78
793,42,16,24,49,33,36,44,78,20,21,2,27,78
794,23,16,24,49,33,36,44,78,20,21,2,27,78
795,42,60,24,49,33,36,44,78,20,21,2,27,78
796,23,60,24,49,33,36,44,78,20,21,2,27,78
797,42,16,42,49,33,36,44,78,20,21,2,27,78
798,23,16,42,49,33,36,44,78,20,21,2,27,78
799,42,60,42,49,33,36,44,78,20,21,2,27,78
800,23,60,42,49,33,36,44,78,20,21,2,27,78
801,42,16,24,72,97,37,30,78,20,21,2,27,78
802,23,16,24,72,97,37,30,78,20,21,2,27,78
803,42,60,24,72,97,37,30,78,20,21,2,27,78
804,23,60,24,72,97,37,30,78,20,21,2,27,78
805,42,16,42,72,97,37,30,78,20,21,2,27,78
806,23,16,42,72,97,37,30,78,20,21,2,27,78
807,42,60,42,72,97,37,30,78,20,21,2,27,78
808,23,60,42,72,97,37,30,78,20,21,2,27,78
809,42,16,24,49,97,37,30,78,20,21,2,27,78
810,23,16,24,49,97,37,30,78,20,21,2,27,78
811,42,60,24,49,97,37,30,78,20,21,2,27,78
812,42,16,42,49,97,37,30,78,20,21,2,27,78
813,23,16,42,49,97,37,30,78,20,21,2,27,78
814,42,60,42,49,97,37,30,78,20,21,2,27,78
815,23,60,42,49,97,37,30,78,20,21,2,27,78
816,42,16,24,72,33,37,30,78,20,21,2,27,78
817,23,16,24,72,33,37,30,78,20,21,2,27,78
818,42,60,24,72,33,37,30,78,20,21,2,27,78
819,23,60,24,72,33,37,30,78,20,21,2,27,78
820,42,16,42,72,33,37,30,78,20,21,2,27,78
821,23,16,42,72,33,37,30,78,20,21,2,27,78
822,42,60,42,72,33,37,30,78,20,21,2,27,78
823,23,60,42,72,33,37,30,78,20,21,2,27,78
824,42,16,24,49,33,37,30,78,20,21,2,27,78
825,23,16,24,49,33,37,30,78,20,21,2,27,78
826,42,60,24,49,33,37,30,78,20,21,2,27,78
827,23,60,24,49,33,37,30,78,20,21,2,27,78
828,42,16,42,49,33,37,30,78,20,21,2,27,78
829,23,16,42,49,33,37,30,78,20,21,2,27,78
830,42,60,42,49,33,37,30,78,20,21,2,27,78
831,23,60,42,49,33,37,30,78,20,21,2,27,78
832,42,16,24,72,97,36,30,78,20,21,2,27,78
833,23,16,24,72,97,36,30,78,20,21,2,27,78
834,23,60,24,72,97,36,30,78,20,21,2,27,78
835,42,16,42,72,97,36,30,78,20,21,2,27,78
836,23,16,42,72,97,36,30,78,20,21,2,27,78
837,42,60,42,72,97,36,30,78,20,21,2,27,78
838,23,60,42,72,97,36,30,78,20,21,2,27,78
839,42,16,24,49,97,36,30,78,20,21,2,27,78
840,23,16,24,49,97,36,30,78,20,21,2,27,78
841,42,60,24,49,97,36,30,78,20,21,2,27,78
842,23,60,24,49,97,36,30,78,20,21,2,27,78
843,42,16,42,49,97,36,30,78,20,21,2,27,78
844,23,16,42,49,97,36,30,78,20,21,2,27,78
845,42,60,42,49,97,36,30,78,20,21,2,27,78
846,23,60,42,49,97,36,30,78,20,21,2,27,78
847,42,16,24,72,33,36,30,78,20,21,2,27,78
848,23,16,24,72,33,36,30,78,20,21,2,27,78
849,42,60,24,72,33,36,30,78,20,21,2,27,78
850,23,60,24,72,33,36,30,78,20,21,2,27,78
851,42,16,42,72,33,36,30,78,20,21,2,27,78
852,23,16,42,72,33,36,30,78,20,21,2,27,78
853,42,60,42,72,33,36,30,78,20,21,2,27,78
854,23,60,42,72,33,36,30,78,20,21,2,27,78
855,42,16,24,49,33,36,30,78,20,21,2,27,78
856,23,16,24,49,33,36,30,78,20,21,2,27,78
857,42,60,24,49,33,36,30,78,20,21,2,27,78
858,23,60,24,49,33,36,30,78,20,21,2,27,78
859,42,16,42,49,33,36,30,78,20,21,2,27,78
860,23,16,42,49,33,36,30,78,20,21,2,27,78
861,42,60,42,49,33,36,30,78,20,21,2,27,78
862,23,60,42,49,33,36,30,78,20,21,2,27,78
863,42,16,24,72,97,37,44,42,20,21,2,27,78
864,23,16,24,72,97,37,44,42,20,21,2,27,78
865,42,60,24,72,97,37,44,42,20,21,2,27,78
866,23,60,24,72,97,37,44,42,20,21,2,27,78
867,42,16,42,72,97,37,44,42,20,21,2,27,78
868,23,16,42,72,97,37,44,42,20,21,2,27,78
869,42,60,42,72,97,37,44,42,20,21,2,27,78
870,23,60,42,72,97,37,44,42,20,21,2,27,78
871,42,16,24,49,97,37,44,42,20,21,2,27,78
872,23,16,24,49,97,37,44,42,20,21,2,27,78
873,42,60,24,49,97,37,44,42,20,21,2,27,78
874,23,60,24,49,97,37,44,42,20,21,2,27,78
875,42,16,42,49,97,37,44,42,20,21,2,27,78
876,23,16,42,49,97,37,44,42,20,21,2,27,78
877,42,60,42,49,97,37,44,42,20,21,2,27,78
878,23,60,42,49,97,37,44,42,20,21,2,27,78
879,42,16,24,72,33,37,44,42,20,21,2,27,78
880,23,16,24,72,33,37,44,42,20,21,2,27,78
881,42,60,24,72,33,37,44,42,20,21,2,27,78
882,23,60,24,72,33,37,44,42,20,21,2,27,78
883,42,16,42,72,33,37,44,42,20,21,2,27,78
884,23,16,42,72,33,37,44,42,20,21,2,27,78
885,42,60,42,72,33,37,44,42,20,21,2,27,78
886,23,60,42,72,33,37,44,42,20,21,2,27,78
887,42,16,24,49,33,37,44,42,20,21,2,27,78
888,23,16,24,49,33,37,44,42,20,21,2,27,78
889,42,60,24,49,33,37,44,42,20,21,2,27,78
890,23,60,24,49,33,37,44,42,20,21,2,27,78
891,42,16,42,49,33,37,44,42,20,21,2,27,78
892,23,16,42,49,33,37,44,42,20,21,2,27,78
893,42,60,42,49,33,37,44,42,20,21,2,27,78
894,23,60,42,49,33,37,44,42,20,21,2,27,78
895,42,16,24,72,97,36,44,42,20,21,2,27,78
896,23,16,24,72,97,36,44,42,20,21,2,27,78
897,42,60,24,72,97,36,44,42,20,21,2,27,78
898,23,60,24,72,97,36,44,42,20,21,2,27,78
899,42,16,42,72,97,36,44,42,20,21,2,27,78
900,23,16,42,72,97,36,44,42,20,21,2,27,78
901,42,60,42,72,97,36,44,42,20,21,2,27,78
902,23,60,42,72,97,36,44,42,20,21,2,27,78
903,42,16,24,49,97,36,44,42,20,21,2,27,78
904,23,16,24,49,97,36,44,42,20,21,2,27,78
905,42,60,24,49,97,36,44,42,20,21,2,27,78
906,23,60,24,49,97,36,44,42,20,21,2,27,78
907,42,16,42,49,97,36,44,42,20,21,2,27,78
908,23,16,42,49,97,36,44,42,20,21,2,27,78
909,42,60,42,49,97,36,44,42,20,21,2,27,78
910,23,60,42,49,97,36,44,42,20,21,2,27,78
911,42,16,24,72,33,36,44,42,20,21,2,27,78
912,23,16,24,72,33,36,44,42,20,21,2,27,78
913,42,60,24,72,33,36,44,42,20,21,2,27,78
914,23,60,24,72,33,36,44,42,20,21,2,27,78
915,42,16,42,72,33,36,44,42,20,21,2,27,78
916,23,16,42,72,33,36,44,42,20,21,2,27,78
917,42,60,42,72,33,36,44,42,20,21,2,27,78
918,23,60,42,72,33,36,44,42,20,21,2,27,78
919,42,16,24,49,33,36,44,42,20,21,2,27,78
920,23,16,24,49,33,36,44,42,20,21,2,27,78
921,42,60,24,49,33,36,44,42,20,21,2,27,78
922,23,60,24,49,33,36,44,42,20,21,2,27,78
923,42,16,42,49,33,36,44,42,20,21,2,27,78
924,23,16,42,49,33,36,44,42,20,21,2,27,78
925,42,60,42,49,33,36,44,42,20,21,2,27,78
926,23,60,42,49,33,36,44,42,20,21,2,27,78
927,42,16,24,72,97,37,30,42,20,21,2,27,78
928,23,16,24,72,97,37,30,42,20,21,2,27,78
929,42,60,24,72,97,37,30,42,20,21,2,27,78
930,23,60,24,72,97,37,30,42,20,21,2,27,78
931,42,16,42,72,97,37,30,42,20,21,2,27,78
932,23,16,42,72,97,37,30,42,20,21,2,27,78
933,42,60,42,72,97,37,30,42,20,21,2,27,78
934,23,60,42,72,97,37,30,42,20,21,2,27,78
935,42,16,24,49,97,37,30,42,20,21,2,27,78
936,23,16,24,49,97,37,30,42,20,21,2,27,78
937,42,60,24,49,97,37,30,42,20,21,2,27,78
938,23,60,24,49,97,37,30,42,20,21,2,27,78
939,42,16,42,49,97,37,30,42,20,21,2,27,78
940,23,16,42,49,97,37,30,42,20,21,2,27,78
941,42,60,42,49,97,37,30,42,20,21,2,27,78
942,23,60,42,49,97,37,30,42,20,21,2,27,78
943,42,16,24,72,33,37,30,42,20,21,2,27,78
944,23,16,24,72,33,37,30,42,20,21,2,27,78
945,42,60,24,72,33,37,30,42,20,21,2,27,78
946,23,60,24,72,33,37,30,42,20,21,2,27,78
947,42,16,42,72,33,37,30,42,20,21,2,27,78
948,23,16,42,72,33,37,30,42,20,21,2,27,78
949,42,60,42,72,33,37,30,42,20,21,2,27,78
950,23,60,42,72,33,37,30,42,20,21,2,27,78
951,42,16,24,49,33,37,30,42,20,21,2,27,78
952,23,16,24,49,33,37,30,42,20,21,2,27,78
953,42,60,24,49,33,37,30,42,20,21,2,27,78
954,23,60,24,49,33,37,30,42,20,21,2,27,78
955,42,16,42,49,33,37,30,42,20,21,2,27,78
956,23,16,42,49,33,37,30,42,20,21,2,27,78
957,42,60,42,49,33,37,30,42,20,21,2,27,78
958,23,60,42,49,33,37,30,42,20,21,2,27,78
959,42,16,24,72,97,36,30,42,20,21,2,27,78
960,23,16,24,72,97,36,30,42,20,21,2,27,78
961,42,60,24,72,97,36,30,42,20,21,2,27,78
962,23,60,24,72,97,36,30,42,20,21,2,27,78
963,42,16,42,72,97,36,30,42,20,21,2,27,78
964,23,16,42,72,97,36,30,42,20,21,2,27,78
965,42,60,42,72,97,36,30,42,20,21,2,27,78
966,23,60,42,72,97,36,30,42,20,21,2,27,78
967,42,16,24,49,97,36,30,42,20,21,2,27,78
968,23,16,24,49,97,36,30,42,20,21,2,27,78
969,42,60,24,49,97,36,30,42,20,21,2,27,78
970,23,60,24,49,97,36,30,42,20,21,2,27,78
971,42,16,42,49,97,36,30,42,20,21,2,27,78
972,23,16,42,49,97,36,30,42,20,21,2,27,78
973,42,60,42,49,97,36,30,42,20,21,2,27,78
974,23,60,42,49,97,36,30,42,20,21,2,27,78
975,42,16,24,72,33,36,30,42,20,21,2,27,78
976,23,16,24,72,33,36,30,42,20,21,2,27,78
977,42,60,24,72,33,36,30,42,20,21,2,27,78
978,23,60,24,72,33,36,30,42,20,21,2,27,78
979,42,16,42,72,33,36,30,42,20,21,2,27,78
980,23,16,42,72,33,36,30,42,20,21,2,27,78
981,42,60,42,72,33,36,30,42,20,21,2,27,78
982,23,60,42,72,33,36,30,42,20,21,2,27,78
983,42,16,24,49,33,36,30,42,20,21,2,27,78
984,23,16,24,49,33,36,30,42,20,21,2,27,78
985,42,60,24,49,33,36,30,42,20,21,2,27,78
986,23,60,24,49,33,36,30,42,20,21,2,27,78
987,42,16,42,49,33,36,30,42,20,21,2,27,78
988,23,16,42,49,33,36,30,42,20,21,2,27,78
989,42,60,42,49,33,36,30,42,20,21,2,27,78
990,23,60,42,49,33,36,30,42,20,21,2,27,78
991,42,16,24,72,97,37,44,78,66,80,59,27,78
992,23,16,24,72,97,37,44,78,66,80,59,27,78
993,42,60,24,72,97,37,44,78,66,80,59,27,78
994,23,60,24,72,97,37,44,78,66,80,59,27,78
995,42,16,42,72,97,37,44,78,66,80,59,27,78
996,23,16,42,72,97,37,44,78,66,80,59,27,78
997,42,60,42,72,97,37,44,78,66,80,59,27,78
998,23,60,42,72,97,37,44,78,66,80,59,27,78
999,42,16,24,49,97,37,44,78,66,80,59,27,78
1000,23,16,24,49,97,37,44,78,66,80,59,27,78
1001,23,60,24,49,97,37,44,78,66,80,59,27,78
1002,42,16,42,49,97,37,44,78,66,80,59,27,78
1003,23,16,42,49,97,37,44,78,66,80,59,27,78
1004,42,60,42,49,97,37,44,78,66,80,59,27,78
1005,23,60,42,49,97,37,44,78,66,80,59,27,78
1006,42,16,24,72,33,37,44,78,66,80,59,27,78
1007,23,16,24,72,33,37,44,78,66,80,59,27,78
1008,42,60,24,72,33,37,44,78,66,80,59,27,78
1009,23,60,24,72,33,37,44,78,66,80,59,27,78
1010,42,16,42,72,33,37,44,78,66,80,59,27,78
1011,23,16,42,72,33,37,44,78,66,80,59,27,78
1012,42,60,42,72,33,37,44,78,66,80,59,27,78
1013,23,60,42,72,33,37,44,78,66,80,59,27,78
1014,42,16,24,49,33,37,44,78,66,80,59,27,78
1015,23,16,24,49,33,37,44,78,66,80,59,27,78
1016,23,60,24,49,33,37,44,78,66,80,59,27,78
1017,42,16,42,49,33,37,44,78,66,80,59,27,78
1018,23,16,42,49,33,37,44,78,66,80,59,27,78
1019,42,60,42,49,33,37,44,78,66,80,59,27,78
1020,23,60,42,49,33,37,44,78,66,80,59,27,78
1021,42,16,24,72,97,36,44,78,66,80,59,27,78
1022,23,16,24,72,97,36,44,78,66,80,59,27,78
1023,23,60,24,72,97,36,44,78,66,80,59,27,78
1024,42,16,42,72,97,36,44,78,66,80,59,27,78
1025,23,16,42,72,97,36,44,78,66,80,59,27,78
1026,42,60,42,72,97,36,44,78,66,80,59,27,78
1027,23,60,42,72,97,36,44,78,66,80,59,27,78
1028,42,16,24,49,97,36,44,78,66,80,59,27,78
1029,23,16,24,49,97,36,44,78,66,80,59,27,78
1030,23,60,24,49,97,36,44,78,66,80,59,27,78
1031,42,16,42,49,97,36,44,78,66,80,59,27,78
1032,23,16,42,49,97,36,44,78,66,80,59,27,78
1033,42,60,42,49,97,36,44,78,66,80,59,27,78
1034,23,60,42,49,97,36,44,78,66,80,59,27,78
1035,42,16,24,72,33,36,44,78,66,80,59,27,78
1036,23,16,24,72,33,36,44,78,66,80,59,27,78
1037,23,60,24,72,33,36,44,78,66,80,59,27,78
1038,42,16,42,72,33,36,44,78,66,80,59,27,78
1039,23,16,42,72,33,36,44,78,66,80,59,27,78
1040,42,60,42,72,33,36,44,78,66,80,59,27,78
1041,23,60,42,72,33,36,44,78,66,80,59,27,78
1042,42,16,24,49,33,36,44,78,66,80,59,27,78
1043,23,16,24,49,33,36,44,78,66,80,59,27,78
1044,23,60,24,49,33,36,44,78,66,80,59,27,78
1045,42,16,42,49,33,36,44,78,66,80,59,27,78
1046,23,16,42,49,33,36,44,78,66,80,59,27,78
1047,42,60,42,49,33,36,44,78,66,80,59,27,78
1048,23,60,42,49,33,36,44,78,66,80,59,27,78
1049,42,16,24,72,97,37,30,78,66,80,59,27,78
1050,23,16,24,72,97,37,30,78,66,80,59,27,78
1051,42,60,24,72,97,37,30,78,66,80,59,27,78
1052,23,60,24,72,97,37,30,78,66,80,59,27,78
1053,42,16,42,72,97,37,30,78,66,80,59,27,78
1054,23,16,42,72,97,37,30,78,66,80,59,27,78
1055,42,60,42,72,97,37,30,78,66,80,59,27,78
1056,23,60,42,72,97,37,30,78,66,80,59,27,78
1057,42,16,24,49,97,37,30,78,66,80,59,27,78
1058,23,16,24,49,97,37,30,78,66,80,59,27,78
1059,42,60,24,49,97,37,30,78,66,80,59,27,78
1060,23,60,24,49,97,37,30,78,66,80,59,27,78
1061,42,16,42,49,97,37,30,78,66,80,59,27,78
1062,42,60,42,49,97,37,30,78,66,80,59,27,78
1063,23,60,42,49,97,37,30,78,66,80,59,27,78
1064,42,16,24,72,33,37,30,78,66,80,59,27,78
1065,23,16,24,72,33,37,30,78,66,80,59,27,78
1066,23,60,24,72,33,37,30,78,66,80,59,27,78
1067,42,16,42,72,33,37,30,78,66,80,59,27,78
1068,23,16,42,72,33,37,30,78,66,80,59,27,78
1069,42,60,42,72,33,37,30,78,66,80,59,27,78
1070,23,60,42,72,33,37,30,78,66,80,59,27,78
1071,42,16,24,49,33,37,30,78,66,80,59,27,78
1072,23,16,24,49,33,37,30,78,66,80,59,27,78
1073,42,60,24,49,33,37,30,78,66,80,59,27,78
1074,23,60,24,49,33,37,30,78,66,80,59,27,78
1075,42,16,42,49,33,37,30,78,66,80,59,27,78
1076,23,16,42,49,33,37,30,78,66,80,59,27,78
1077,42,60,42,49,33,37,30,78,66,80,59,27,78
1078,23,60,42,49,33,37,30,78,66,80,59,27,78
1079,42,16,24,72,97,36,30,78,66,80,59,27,78
1080,42,60,24,72,97,36,30,78,66,80,59,27,78
1081,23,60,24,72,97,36,30,78,66,80,59,27,78
1082,42,16,42,72,97,36,30,78,66,80,59,27,78
1083,23,16,42,72,97,36,30,78,66,80,59,27,78
1084,42,60,42,72,97,36,30,78,66,80,59,27,78
1085,23,60,42,72,97,36,30,78,66,80,59,27,78
1086,42,16,24,49,97,36,30,78,66,80,59,27,78
1087,23,16,24,49,97,36,30,78,66,80,59,27,78
1088,23,60,24,49,97,36,30,78,66,80,59,27,78
1089,42,16,42,49,97,36,30,78,66,80,59,27,78
1090,23,16,42,49,97,36,30,78,66,80,59,27,78
1091,42,60,42,49,97,36,30,78,66,80,59,27,78
1092,23,60,42,49,97,36,30,78,66,80,59,27,78
1093,42,16,24,72,33,36,30,78,66,80,59,27,78
1094,23,16,24,72,33,36,30,78,66,80,59,27,78
1095,42,60,24,72,33,36,30,78,66,80,59,27,78
1096,23,60,24,72,33,36,30,78,66,80,59,27,78
1097,42,16,42,72,33,36,30,78,66,80,59,27,78
1098,23,16,42,72,33,36,30,78,66,80,59,27,78
1099,42,60,42,72,33,36,30,78,66,80,59,27,78
1100,23,60,42,72,33,36,30,78,66,80,59,27,78
1101,42,16,24,49,33,36,30,78,66,80,59,27,78
1102,23,16,24,49,33,36,30,78,66,80,59,27,78
1103,42,60,24,49,33,36,30,78,66,80,59,27,78
1104,23,60,24,49,33,36,30,78,66,80,59,27,78
1105,42,16,42,49,33,36,30,78,66,80,59,27,78
1106,23,16,42,49,33,36,30,78,66,80,59,27,78
1107,42,60,42,49,33,36,30,78,66,80,59,27,78
1108,23,60,42,49,33,36,30,78,66,80,59,27,78
1109,42,16,24,72,97,37,44,42,66,80,59,27,78
1110,23,16,24,72,97,37,44,42,66,80,59,27,78
1111,42,60,24,72,97,37,44,42,66,80,59,27,78
1112,23,60,24,72,97,37,44,42,66,80,59,27,78
1113,42,16,42,72,97,37,44,42,66,80,59,27,78
1114,23,16,42,72,97,37,44,42,66,80,59,27,78
1115,42,60,42,72,97,37,44,42,66,80,59,27,78
1116,23,60,42,72,97,37,44,42,66,80,59,27,78
1117,42,16,24,49,97,37,44,42,66,80,59,27,78
1118,23,16,24,49,97,37,44,42,66,80,59,27,78
1119,42,60,24,49,97,37,44,42,66,80,59,27,78
1120,23,60,24,49,97,37,44,42,66,80,59,27,78
1121,42,16,42,49,97,37,44,42,66,80,59,27,78
1122,23,16,42,49,97,37,44,42,66,80,59,27,78
1123,42,60,42,49,97,37,44,42,66,80,59,27,78
1124,23,60,42,49,97,37,44,42,66,80,59,27,78
1125,42,16,24,72,33,37,44,42,66,80,59,27,78
1126,23,16,24,72,33,37,44,42,66,80,59,27,78
1127,23,60,24,72,33,37,44,42,66,80,59,27,78
1128,42,16,42,72,33,37,44,42,66,80,59,27,78
1129,23,16,42,72,33,37,44,42,66,80,59,27,78
1130,42,60,42,72,33,37,44,42,66,80,59,27,78
1131,23,60,42,72,33,37,44,42,66,80,59,27,78
1132,42,16,24,49,33,37,44,42,66,80,59,27,78
1133,23,16,24,49,33,37,44,42,66,80,59,27,78
1134,42,60,24,49,33,37,44,42,66,80,59,27,78
1135,23,60,24,49,33,37,44,42,66,80,59,27,78
1136,42,16,42,49,33,37,44,42,66,80,59,27,78
1137,23,16,42,49,33,37,44,42,66,80,59,27,78
1138,42,60,42,49,33,37,44,42,66,80,59,27,78
1139,23,60,42,49,33,37,44,42,66,80,59,27,78
1140,42,16,24,72,97,36,44,42,66,80,59,27,78
1141,23,16,24,72,97,36,44,42,66,80,59,27,78
1142,42,60,24,72,97,36,44,42,66,80,59,27,78
1143,23,60,24,72,97,36,44,42,66,80,59,27,78
1144,42,16,42,72,97,36,44,42,66,80,59,27,78
1145,23,16,42,72,97,36,44,42,66,80,59,27,78
1146,42,60,42,72,97,36,44,42,66,80,59,27,78
1147,23,60,42,72,97,36,44,42,66,80,59,27,78
1148,42,16,24,49,97,36,44,42,66,80,59,27,78
1149,23,16,24,49,97,36,44,42,66,80,59,27,78
1150,42,60,24,49,97,36,44,42,66,80,59,27,78
1151,23,60,24,49,97,36,44,42,66,80,59,27,78
1152,42,16,42,49,97,36,44,42,66,80,59,27,78
1153,23,16,42,49,97,36,44,42,66,80,59,27,78
1154,42,60,42,49,97,36,44,42,66,80,59,27,78
1155,23,60,42,49,97,36,44,42,66,80,59,27,78
1156,42,16,24,72,33,36,44,42,66,80,59,27,78
1157,23,16,24,72,33,36,44,42,66,80,59,27,78
1158,42,60,24,72,33,36,44,42,66,80,59,27,78
1159,23,60,24,72,33,36,44,42,66,80,59,27,78
1160,42,16,42,72,33,36,44,42,66,80,59,27,78
1161,23,16,42,72,33,36,44,42,66,80,59,27,78
1162,42,60,42,72,33,36,44,42,66,80,59,27,78
1163,23,60,42,72,33,36,44,42,66,80,59,27,78
1164,42,16,24,49,33,36,44,42,66,80,59,27,78
1165,23,16,24,49,33,36,44,42,66,80,59,27,78
1166,42,60,24,49,33,36,44,42,66,80,59,27,78
1167,23,60,24,49,33,36,44,42,66,80,59,27,78
1168,42,16,42,49,33,36,44,42,66,80,59,27,78
1169,23,16,42,49,33,36,44,42,66,80,59,27,78
1170,42,60,42,49,33,36,44,42,66,80,59,27,78
1171,23,60,42,49,33,36,44,42,66,80,59,27,78
1172,42,16,24,72,97,37,30,42,66,80,59,27,78
1173,23,16,24,72,97,37,30,42,66,80,59,27,78
1174,42,60,24,72,97,37,30,42,66,80,59,27,78
1175,23,60,24,72,97,37,30,42,66,80,59,27,78
1176,42,16,42,72,97,37,30,42,66,80,59,27,78
1177,23,16,42,72,97,37,30,42,66,80,59,27,78
1178,42,60,42,72,97,37,30,42,66,80,59,27,78
1179,23,60,42,72,97,37,30,42,66,80,59,27,78
1180,42,16,24,49,97,37,30,42,66,80,59,27,78
1181,23,16,24,49,97,37,30,42,66,80,59,27,78
1182,42,60,24,49,97,37,30,42,66,80,59,27,78
1183,23,60,24,49,97,37,30,42,66,80,59,27,78
1184,42,16,42,49,97,37,30,42,66,80,59,27,78
1185,23,16,42,49,97,37,30,42,66,80,59,27,78
1186,42,60,42,49,97,37,30,42,66,80,59,27,78
1187,23,60,42,49,97,37,30,42,66,80,59,27,78
1188,42,16,24,72,33,37,30,42,66,80,59,27,78
1189,23,16,24,72,33,37,30,42,66,80,59,27,78
1190,23,60,24,72,33,37,30,42,66,80,59,27,78
1191,42,16,42,72,33,37,30,42,66,80,59,27,78
1192,23,16,42,72,33,37,30,42,66,80,59,27,78
1193,42,60,42,72,33,37,30,42,66,80,59,27,78
1194,23,60,42,72,33,37,30,42,66,80,59,27,78
1195,42,16,24,49,33,37,30,42,66,80,59,27,78
1196,23,16,24,49,33,37,30,42,66,80,59,27,78
1197,42,60,24,49,33,37,30,42,66,80,59,27,78
1198,23,60,24,49,33,37,30,42,66,80,59,27,78
1199,42,16,42,49,33,37,30,42,66,80,59,27,78
1200,23,16,42,49,33,37,30,42,66,80,59,27,78
1201,42,60,42,49,33,37,30,42,66,80,59,27,78
1202,23,60,42,49,33,37,30,42,66,80,59,27,78
1203,42,16,24,72,97,36,30,42,66,80,59,27,78
1204,23,16,24,72,97,36,30,42,66,80,59,27,78
1205,23,60,24,72,97,36,30,42,66,80,59,27,78
1206,42,16,42,72,97,36,30,42,66,80,59,27,78
1207,23,16,42,72,97,36,30,42,66,80,59,27,78
1208,42,60,42,72,97,36,30,42,66,80,59,27,78
1209,23,60,42,72,97,36,30,42,66,80,59,27,78
1210,42,16,24,49,97,36,30,42,66,80,59,27,78
1211,23,16,24,49,97,36,30,42,66,80,59,27,78
1212,42,60,24,49,97,36,30,42,66,80,59,27,78
1213,23,60,24,49,97,36,30,42,66,80,59,27,78
1214,42,16,42,49,97,36,30,42,66,80,59,27,78
1215,23,16,42,49,97,36,30,42,66,80,59,27,78
1216,42,60,42,49,97,36,30,42,66,80,59,27,78
1217,23,60,42,49,97,36,30,42,66,80,59,27,78
1218,23,16,24,72,33,36,30,42,66,80,59,27,78
1219,42,60,24,72,33,36,30,42,66,80,59,27,78
1220,23,60,24,72,33,36,30,42,66,80,59,27,78
1221,42,16,42,72,33,36,30,42,66,80,59,27,78
1222,23,16,42,72,33,36,30,42,66,80,59,27,78
1223,42,60,42,72,33,36,30,42,66,80,59,27,78
1224,23,60,42,72,33,36,30,42,66,80,59,27,78
1225,42,16,24,49,33,36,30,42,66,80,59,27,78
1226,23,16,24,49,33,36,30,42,66,80,59,27,78
1227,42,60,24,49,33,36,30,42,66,80,59,27,78
1228,23,60,24,49,33,36,30,42,66,80,59,27,78
1229,42,16,42,49,33,36,30,42,66,80,59,27,78
1230,23,16,42,49,33,36,30,42,66,80,59,27,78
1231,42,60,42,49,33,36,30,42,66,80,59,27,78
1232,23,60,42,49,33,36,30,42,66,80,59,27,78
1233,23,16,24,72,97,37,44,78,20,80,59,27,78
1234,42,60,24,72,97,37,44,78,20,80,59,27,78
1235,23,60,24,72,97,37,44,78,20,80,59,27,78
1236,42,16,42,72,97,37,44,78,20,80,59,27,78
1237,23,16,42,72,97,37,44,78,20,80,59,27,78
1238,42,60,42,72,97,37,44,78,20,80,59,27,78
1239,23,60,42,72,97,37,44,78,20,80,59,27,78
1240,23,16,24,49,97,37,44,78,20,80,59,27,78
1241,23,60,24,49,97,37,44,78,20,80,59,27,78
1242,42,16,42,49,97,37,44,78,20,80,59,27,78
1243,23,16,42,49,97,37,44,78,20,80,59,27,78
1244,42,60,42,49,97,37,44,78,20,80,59,27,78
1245,23,60,42,49,97,37,44,78,20,80,59,27,78
1246,23,16,24,72,33,37,44,78,20,80,59,27,78
1247,42,60,24,72,33,37,44,78,20,80,59,27,78
1248,23,60,24,72,33,37,44,78,20,80,59,27,78
1249,42,16,42,72,33,37,44,78,20,80,59,27,78
1250,23,16,42,72,33,37,44,78,20,80,59,27,78
1251,42,60,42,72,33,37,44,78,20,80,59,27,78
1252,23,60,42,72,33,37,44,78,20,80,59,27,78
1253,42,16,24,49,33,37,44,78,20,80,59,27,78
1254,23,16,24,49,33,37,44,78,20,80,59,27,78
1255,23,60,24,49,33,37,44,78,20,80,59,27,78
1256,42,16,42,49,33,37,44,78,20,80,59,27,78
1257,23,16,42,49,33,37,44,78,20,80,59,27,78
1258,42,60,42,49,33,37,44,78,20,80,59,27,78
1259,23,60,42,49,33,37,44,78,20,80,59,27,78
1260,42,16,24,72,97,36,44,78,20,80,59,27,78
1261,23,16,24,72,97,36,44,78,20,80,59,27,78
1262,23,60,24,72,97,36,44,78,20,80,59,27,78
1263,42,16,42,72,97,36,44,78,20,80,59,27,78
1264,23,16,42,72,97,36,44,78,20,80,59,27,78
1265,42,60,42,72,97,36,44,78,20,80,59,27,78
1266,23,60,42,72,97,36,44,78,20,80,59,27,78
1267,42,16,24,49,97,36,44,78,20,80,59,27,78
1268,23,16,24,49,97,36,44,78,20,80,59,27,78
1269,23,60,24,49,97,36,44,78,20,80,59,27,78
1270,42,16,42,49,97,36,44,78,20,80,59,27,78
1271,23,16,42,49,97,36,44,78,20,80,59,27,78
1272,42,60,42,49,97,36,44,78,20,80,59,27,78
1273,23,60,42,49,97,36,44,78,20,80,59,27,78
1274,42,16,24,72,33,36,44,78,20,80,59,27,78
1275,23,16,24,72,33,36,44,78,20,80,59,27,78
1276,42,60,24,72,33,36,44,78,20,80,59,27,78
1277,23,60,24,72,33,36,44,78,20,80,59,27,78
1278,42,16,42,72,33,36,44,78,20,80,59,27,78
1279,23,16,42,72,33,36,44,78,20,80,59,27,78
1280,42,60,42,72,33,36,44,78,20,80,59,27,78
1281,23,60,42,72,33,36,44,78,20,80,59,27,78
1282,42,16,24,49,33,36,44,78,20,80,59,27,78
1283,23,16,24,49,33,36,44,78,20,80,59,27,78
1284,42,60,24,49,33,36,44,78,20,80,59,27,78
1285,23,60,24,49,33,36,44,78,20,80,59,27,78
1286,42,16,42,49,33,36,44,78,20,80,59,27,78
1287,23,16,42,49,33,36,44,78,20,80,59,27,78
1288,42,60,42,49,33,36,44,78,20,80,59,27,78
1289,23,60,42,49,33,36,44,78,20,80,59,27,78
1290,23,16,24,72,97,37,30,78,20,80,59,27,78
1291,23,60,24,72,97,37,30,78,20,80,59,27,78
1292,42,16,42,72,97,37,30,78,20,80,59,27,78
1293,23,16,42,72,97,37,30,78,20,80,59,27,78
1294,23,60,42,72,97,37,30,78,20,80,59,27,78
1295,42,16,24,49,97,37,30,78,20,80,59,27,78
1296,23,16,24,49,97,37,30,78,20,80,59,27,78
1297,42,60,24,49,97,37,30,78,20,80,59,27,78
1298,23,60,24,49,97,37,30,78,20,80,59,27,78
1299,42,16,42,49,97,37,30,78,20,80,59,27,78
1300,23,16,42,49,97,37,30,78,20,80,59,27,78
1301,42,60,42,49,97,37,30,78,20,80,59,27,78
1302,23,60,42,49,97,37,30,78,20,80,59,27,78
1303,42,16,24,72,33,37,30,78,20,80,59,27,78
1304,23,16,24,72,33,37,30,78,20,80,59,27,78
1305,42,60,24,72,33,37,30,78,20,80,59,27,78
1306,23,60,24,72,33,37,30,78,20,80,59,27,78
1307,42,16,42,72,33,37,30,78,20,80,59,27,78
1308,23,16,42,72,33,37,30,78,20,80,59,27,78
1309,42,60,42,72,33,37,30,78,20,80,59,27,78
1310,23,60,42,72,33,37,30,78,20,80,59,27,78
1311,42,16,24,49,33,37,30,78,20,80,59,27,78
1312,23,60,24,49,33,37,30,78,20,80,59,27,78
1313,42,16,42,49,33,37,30,78,20,80,59,27,78
1314,23,16,42,49,33,37,30,78,20,80,59,27,78
1315,42,60,42,49,33,37,30,78,20,80,59,27,78
1316,23,60,42,49,33,37,30,78,20,80,59,27,78
1317,42,16,24,72,97,36,30,78,20,80,59,27,78
1318,23,16,24,72,97,36,30,78,20,80,59,27,78
1319,42,60,24,72,97,36,30,78,20,80,59,27,78
1320,42,16,42,72,97,36,30,78,20,80,59,27,78
1321,23,16,42,72,97,36,30,78,20,80,59,27,78
1322,42,60,42,72,97,36,30,78,20,80,59,27,78
1323,23,60,42,72,97,36,30,78,20,80,59,27,78
1324,42,16,24,49,97,36,30,78,20,80,59,27,78
1325,23,16,24,49,97,36,30,78,20,80,59,27,78
1326,42,60,24,49,97,36,30,78,20,80,59,27,78
1327,23,60,24,49,97,36,30,78,20,80,59,27,78
1328,42,16,42,49,97,36,30,78,20,80,59,27,78
1329,23,16,42,49,97,36,30,78,20,80,59,27,78
1330,42,60,42,49,97,36,30,78,20,80,59,27,78
1331,23,60,42,49,97,36,30,78,20,80,59,27,78
1332,42,16,24,72,33,36,30,78,20,80,59,27,78
1333,23,16,24,72,33,36,30,78,20,80,59,27,78
1334,23,60,24,72,33,36,30,78,20,80,59,27,78
1335,42,16,42,72,33,36,30,78,20,80,59,27,78
1336,23,16,42,72,33,36,30,78,20,80,59,27,78
1337,42,60,42,72,33,36,30,78,20,80,59,27,78
1338,23,60,42,72,33,36,30,78,20,80,59,27,78
1339,42,16,24,49,33,36,30,78,20,80,59,27,78
1340,23,16,24,49,33,36,30,78,20,80,59,27,78
1341,42,60,24,49,33,36,30,78,20,80,59,27,78
1342,23,60,24,49,33,36,30,78,20,80,59,27,78
1343,42,16,42,49,33,36,30,78,20,80,59,27,78
1344,23,16,42,49,33,36,30,78,20,80,59,27,78
1345,42,60,42,49,33,36,30,78,20,80,59,27,78
1346,23,60,42,49,33,36,30,78,20,80,59,27,78
1347,42,16,24,72,97,37,44,42,20,80,59,27,78
1348,23,16,24,72,97,37,44,42,20,80,59,27,78
1349,42,60,24,72,97,37,44,42,20,80,59,27,78
1350,23,60,24,72,97,37,44,42,20,80,59,27,78
1351,42,16,42,72,97,37,44,42,20,80,59,27,78
1352,23,16,42,72,97,37,44,42,20,80,59,27,78
1353,42,60,42,72,97,37,44,42,20,80,59,27,78
1354,23,60,42,72,97,37,44,42,20,80,59,27,78
1355,42,16,24,49,97,37,44,42,20,80,59,27,78
1356,23,16,24,49,97,37,44,42,20,80,59,27,78
1357,42,60,24,49,97,37,44,42,20,80,59,27,78
1358,23,60,24,49,97,37,44,42,20,80,59,27,78
1359,42,16,42,49,97,37,44,42,20,80,59,27,78
1360,23,16,42,49,97,37,44,42,20,80,59,27,78
1361,42,60,42,49,97,37,44,42,20,80,59,27,78
1362,23,60,42,49,97,37,44,42,20,80,59,27,78
1363,42,16,24,72,33,37,44,42,20,80,59,27,78
1364,23,16,24,72,33,37,44,42,20,80,59,27,78
1365,42,60,24,72,33,37,44,42,20,80,59,27,78
1366,23,60,24,72,33,37,44,42,20,80,59,27,78
1367,42,16,42,72,33,37,44,42,20,80,59,27,78
1368,23,16,42,72,33,37,44,42,20,80,59,27,78
1369,42,60,42,72,33,37,44,42,20,80,59,27,78
1370,23,60,42,72,33,37,44,42,20,80,59,27,78
1371,42,16,24,49,33,37,44,42,20,80,59,27,78
1372,23,16,24,49,33,37,44,42,20,80,59,27,78
1373,42,60,24,49,33,37,44,42,20,80,59,27,78
1374,23,60,24,49,33,37,44,42,20,80,59,27,78
1375,42,16,42,49,33,37,44,42,20,80,59,27,78
1376,23,16,42,49,33,37,44,42,20,80,59,27,78
1377,42,60,42,49,33,37,44,42,20,80,59,27,78
1378,23,60,42,49,33,37,44,42,20,80,59,27,78
1379,42,16,24,72,97,36,44,42,20,80,59,27,78
1380,23,16,24,72,97,36,44,42,20,80,59,27,78
1381,42,60,24,72,97,36,44,42,20,80,59,27,78
1382,23,60,24,72,97,36,44,42,20,80,59,27,78
1383,42,16,42,72,97,36,44,42,20,80,59,27,78
1384,23,16,42,72,97,36,44,42,20,80,59,27,78
1385,42,60,42,72,97,36,44,42,20,80,59,27,78
1386,23,60,42,72,97,36,44,42,20,80,59,27,78
1387,42,16,24,49,97,36,44,42,20,80,59,27,78
1388,23,16,24,49,97,36,44,42,20,80,59,27,78
1389,42,60,24,49,97,36,44,42,20,80,59,27,78
1390,23,60,24,49,97,36,44,42,20,80,59,27,78
1391,42,16,42,49,97,36,44,42,20,80,59,27,78
1392,23,16,42,49,97,36,44,42,20,80,59,27,78
1393,42,60,42,49,97,36,44,42,20,80,59,27,78
1394,23,60,42,49,97,36,44,42,20,80,59,27,78
1395,42,16,24,72,33,36,44,42,20,80,59,27,78
1396,23,16,24,72,33,36,44,42,20,80,59,27,78
1397,42,60,24,72,33,36,44,42,20,80,59,27,78
1398,23,60,24,72,33,36,44,42,20,80,59,27,78
1399,42,16,42,72,33,36,44,42,20,80,59,27,78
1400,23,16,42,72,33,36,44,42,20,80,59,27,78
1401,42,60,42,72,33,36,44,42,20,80,59,27,78
1402,23,60,42,72,33,36,44,42,20,80,59,27,78
1403,42,16,24,49,33,36,44,42,20,80,59,27,78
1404,23,16,24,49,33,36,44,42,20,80,59,27,78
1405,42,60,24,49,33,36,44,42,20,80,59,27,78
1406,23,60,24,49,33,36,44,42,20,80,59,27,78
1407,42,16,42,49,33,36,44,42,20,80,59,27,78
1408,23,16,42,49,33,36,44,42,20,80,59,27,78
1409,42,60,42,49,33,36,44,42,20,80,59,27,78
1410,23,60,42,49,33,36,44,42,20,80,59,27,78
1411,42,16,24,72,97,37,30,42,20,80,59,27,78
1412,23,16,24,72,97,37,30,42,20,80,59,27,78
1413,23,60,24,72,97,37,30,42,20,80,59,27,78
1414,42,16,42,72,97,37,30,42,20,80,59,27,78
1415,23,16,42,72,97,37,30,42,20,80,59,27,78
1416,42,60,42,72,97,37,30,42,20,80,59,27,78
1417,23,60,42,72,97,37,30,42,20,80,59,27,78
1418,42,16,24,49,97,37,30,42,20,80,59,27,78
1419,23,16,24,49,97,37,30,42,20,80,59,27,78
1420,42,60,24,49,97,37,30,42,20,80,59,27,78
1421,23,60,24,49,97,37,30,42,20,80,59,27,78
1422,42,16,42,49,97,37,30,42,20,80,59,27,78
1423,23,16,42,49,97,37,30,42,20,80,59,27,78
1424,42,60,42,49,97,37,30,42,20,80,59,27,78
1425,23,60,42,49,97,37,30,42,20,80,59,27,78
1426,42,16,24,72,33,37,30,42,20,80,59,27,78
1427,23,16,24,72,33,37,30,42,20,80,59,27,78
1428,42,60,24,72,33,37,30,42,20,80,59,27,78
1429,23,60,24,72,33,37,30,42,20,80,59,27,78
1430,42,16,42,72,33,37,30,42,20,80,59,27,78
1431,23,16,42,72,33,37,30,42,20,80,59,27,78
1432,42,60,42,72,33,37,30,42,20,80,59,27,78
1433,23,60,42,72,33,37,30,42,20,80,59,27,78
1434,42,16,24,49,33,37,30,42,20,80,59,27,78
1435,23,16,24,49,33,37,30,42,20,80,59,27,78
1436,42,60,24,49,33,37,30,42,20,80,59,27,78
1437,23,60,24,49,33,37,30,42,20,80,59,27,78
1438,42,16,42,49,33,37,30,42,20,80,59,27,78
1439,23,16,42,49,33,37,30,42,20,80,59,27,78
1440,42,60,42,49,33,37,30,42,20,80,59,27,78
1441,23,60,42,49,33,37,30,42,20,80,59,27,78
1442,42,16,24,72,97,36,30,42,20,80,59,27,78
1443,23,16,24,72,97,36,30,42,20,80,59,27,78
1444,42,60,24,72,97,36,30,42,20,80,59,27,78
1445,23,60,24,72,97,36,30,42,20,80,59,27,78
1446,42,16,42,72,97,36,30,42,20,80,59,27,78
1447,23,16,42,72,97,36,30,42,20,80,59,27,78
1448,42,60,42,72,97,36,30,42,20,80,59,27,78
1449,23,60,42,72,97,36,30,42,20,80,59,27,78
1450,42,16,24,49,97,36,30,42,20,80,59,27,78
1451,23,16,24,49,97,36,30,42,20,80,59,27,78
1452,42,60,24,49,97,36,30,42,20,80,59,27,78
1453,23,60,24,49,97,36,30,42,20,80,59,27,78
1454,42,16,42,49,97,36,30,42,20,80,59,27,78
1455,23,16,42,49,97,36,30,42,20,80,59,27,78
1456,42,60,42,49,97,36,30,42,20,80,59,27,78
1457,23,60,42,49,97,36,30,42,20,80,59,27,78
1458,42,16,24,72,33,36,30,42,20,80,59,27,78
1459,23,16,24,72,33,36,30,42,20,80,59,27,78
1460,42,60,24,72,33,36,30,42,20,80,59,27,78
1461,23,60,24,72,33,36,30,42,20,80,59,27,78
1462,42,16,42,72,33,36,30,42,20,80,59,27,78
1463,23,16,42,72,33,36,30,42,20,80,59,27,78
1464,42,60,42,72,33,36,30,42,20,80,59,27,78
1465,23,60,42,72,33,36,30,42,20,80,59,27,78
1466,42,16,24,49,33,36,30,42,20,80,59,27,78
1467,23,16,24,49,33,36,30,42,20,80,59,27,78
1468,42,60,24,49,33,36,30,42,20,80,59,27,78
1469,23,60,24,49,33,36,30,42,20,80,59,27,78
1470,42,16,42,49,33,36,30,42,20,80,59,27,78
1471,23,16,42,49,33,36,30,42,20,80,59,27,78
1472,42,60,42,49,33,36,30,42,20,80,59,27,78
1473,23,60,42,49,33,36,30,42,20,80,59,27,78
1474,42,16,24,72,97,37,44,78,66,21,59,27,78
1475,23,16,24,72,97,37,44,78,66,21,59,27,78
1476,42,60,24,72,97,37,44,78,66,21,59,27,78
1477,23,60,24,72,97,37,44,78,66,21,59,27,78
1478,42,16,42,72,97,37,44,78,66,21,59,27,78
1479,23,16,42,72,97,37,44,78,66,21,59,27,78
1480,42,60,42,72,97,37,44,78,66,21,59,27,78
1481,23,60,42,72,97,37,44,78,66,21,59,27,78
1482,42,16,24,49,97,37,44,78,66,21,59,27,78
1483,23,16,24,49,97,37,44,78,66,21,59,27,78
1484,42,60,24,49,97,37,44,78,66,21,59,27,78
1485,23,60,24,49,97,37,44,78,66,21,59,27,78
1486,42,16,42,49,97,37,44,78,66,21,59,27,78
1487,23,16,42,49,97,37,44,78,66,21,59,27,78
1488,42,60,42,49,97,37,44,78,66,21,59,27,78
1489,23,60,42,49,97,37,44,78,66,21,59,27,78
1490,23,16,24,72,33,37,44,78,66,21,59,27,78
1491,42,60,24,72,33,37,44,78,66,21,59,27,78
1492,23,60,24,72,33,37,44,78,66,21,59,27,78
1493,42,16,42,72,33,37,44,78,66,21,59,27,78
1494,23,16,42,72,33,37,44,78,66,21,59,27,78
1495,42,60,42,72,33,37,44,78,66,21,59,27,78
1496,23,60,42,72,33,37,44,78,66,21,59,27,78
1497,42,16,24,49,33,37,44,78,66,21,59,27,78
1498,23,16,24,49,33,37,44,78,66,21,59,27,78
1499,42,60,24,49,33,37,44,78,66,21,59,27,78
1500,23,60,24,49,33,37,44,78,66,21,59,27,78
1501,42,16,42,49,33,37,44,78,66,21,59,27,78
1502,23,16,42,49,33,37,44,78,66,21,59,27,78
1503,23,60,42,49,33,37,44,78,66,21,59,27,78
1504,42,16,24,72,97,36,44,78,66,21,59,27,78
1505,23,16,24,72,97,36,44,78,66,21,59,27,78
1506,42,60,24,72,97,36,44,78,66,21,59,27,78
1507,23,60,24,72,97,36,44,78,66,21,59,27,78
1508,42,16,42,72,97,36,44,78,66,21,59,27,78
1509,23,16,42,72,97,36,44,78,66,21,59,27,78
1510,42,60,42,72,97,36,44,78,66,21,59,27,78
1511,23,60,42,72,97,36,44,78,66,21,59,27,78
1512,42,16,24,49,97,36,44,78,66,21,59,27,78
1513,42,60,24,49,97,36,44,78,66,21,59,27,78
1514,23,60,24,49,97,36,44,78,66,21,59,27,78
1515,42,16,42,49,97,36,44,78,66,21,59,27,78
1516,23,16,42,49,97,36,44,78,66,21,59,27,78
1517,42,60,42,49,97,36,44,78,66,21,59,27,78
1518,23,60,42,49,97,36,44,78,66,21,59,27,78
1519,42,16,24,72,33,36,44,78,66,21,59,27,78
1520,23,16,24,72,33,36,44,78,66,21,59,27,78
1521,42,60,24,72,33,36,44,78,66,21,59,27,78
1522,23,60,24,72,33,36,44,78,66,21,59,27,78
1523,42,16,42,72,33,36,44,78,66,21,59,27,78
1524,23,16,42,72,33,36,44,78,66,21,59,27,78
1525,42,60,42,72,33,36,44,78,66,21,59,27,78
1526,23,60,42,72,33,36,44,78,66,21,59,27,78
1527,23,16,24,49,33,36,44,78,66,21,59,27,78
1528,42,60,24,49,33,36,44,78,66,21,59,27,78
1529,23,60,24,49,33,36,44,78,66,21,59,27,78
1530,42,16,42,49,33,36,44,78,66,21,59,27,78
1531,23,16,42,49,33,36,44,78,66,21,59,27,78
1532,42,60,42,49,33,36,44,78,66,21,59,27,78
1533,23,60,42,49,33,36,44,78,66,21,59,27,78
1534,42,16,24,72,97,37,30,78,66,21,59,27,78
1535,23,60,24,72,97,37,30,78,66,21,59,27,78
1536,42,16,42,72,97,37,30,78,66,21,59,27,78
1537,23,16,42,72,97,37,30,78,66,21,59,27,78
1538,42,60,42,72,97,37,30,78,66,21,59,27,78
1539,23,60,42,72,97,37,30,78,66,21,59,27,78
1540,42,16,24,49,97,37,30,78,66,21,59,27,78
1541,23,16,24,49,97,37,30,78,66,21,59,27,78
1542,42,60,24,49,97,37,30,78,66,21,59,27,78
1543,23,60,24,49,97,37,30,78,66,21,59,27,78
1544,42,16,42,49,97,37,30,78,66,21,59,27,78
1545,23,16,42,49,97,37,30,78,66,21,59,27,78
1546,42,60,42,49,97,37,30,78,66,21,59,27,78
1547,23,60,42,49,97,37,30,78,66,21,59,27,78
1548,42,16,24,72,33,37,30,78,66,21,59,27,78
1549,23,16,24,72,33,37,30,78,66,21,59,27,78
1550,42,60,24,72,33,37,30,78,66,21,59,27,78
1551,23,60,24,72,33,37,30,78,66,21,59,27,78
1552,42,16,42,72,33,37,30,78,66,21,59,27,78
1553,23,16,42,72,33,37,30,78,66,21,59,27,78
1554,42,60,42,72,33,37,30,78,66,21,59,27,78
1555,23,60,42,72,33,37,30,78,66,21,59,27,78
1556,42,16,24,49,33,37,30,78,66,21,59,27,78
1557,23,16,24,49,33,37,30,78,66,21,59,27,78
1558,42,60,24,49,33,37,30,78,66,21,59,27,78
1559,23,60,24,49,33,37,30,78,66,21,59,27,78
1560,42,16,42,49,33,37,30,78,66,21,59,27,78
1561,23,16,42,49,33,37,30,78,66,21,59,27,78
1562,42,60,42,49,33,37,30,78,66,21,59,27,78
1563,23,60,42,49,33,37,30,78,66,21,59,27,78
1564,42,16,24,72,97,36,30,78,66,21,59,27,78
1565,23,16,24,72,97,36,30,78,66,21,59,27,78
1566,42,60,24,72,97,36,30,78,66,21,59,27,78
1567,23,60,24,72,97,36,30,78,66,21,59,27,78
1568,42,16,42,72,97,36,30,78,66,21,59,27,78
1569,23,16,42,72,97,36,30,78,66,21,59,27,78
1570,42,60,42,72,97,36,30,78,66,21,59,27,78
1571,23,60,42,72,97,36,30,78,66,21,59,27,78
1572,42,16,24,49,97,36,30,78,66,21,59,27,78
1573,23,16,24,49,97,36,30,78,66,21,59,27,78
1574,42,60,24,49,97,36,30,78,66,21,59,27,78
1575,23,60,24,49,97,36,30,78,66,21,59,27,78
1576,42,16,42,49,97,36,30,78,66,21,59,27,78
1577,23,16,42,49,97,36,30,78,66,21,59,27,78
1578,42,60,42,49,97,36,30,78,66,21,59,27,78
1579,23,60,42,49,97,36,30,78,66,21,59,27,78
1580,42,16,24,72,33,36,30,78,66,21,59,27,78
1581,23,16,24,72,33,36,30,78,66,21,59,27,78
1582,42,60,24,72,33,36,30,78,66,21,59,27,78
1583,23,60,24,72,33,36,30,78,66,21,59,27,78
1584,42,16,42,72,33,36,30,78,66,21,59,27,78
1585,23,16,42,72,33,36,30,78,66,21,59,27,78
1586,42,60,42,72,33,36,30,78,66,21,59,27,78
1587,23,60,42,72,33,36,30,78,66,21,59,27,78
1588,42,16,24,49,33,36,30,78,66,21,59,27,78
1589,23,16,24,49,33,36,30,78,66,21,59,27,78
1590,23,60,24,49,33,36,30,78,66,21,59,27,78
1591,42,16,42,49,33,36,30,78,66,21,59,27,78
1592,23,16,42,49,33,36,30,78,66,21,59,27,78
1593,42,60,42,49,33,36,30,78,66,21,59,27,78
1594,23,60,42,49,33,36,30,78,66,21,59,27,78
1595,42,16,24,72,97,37,44,42,66,21,59,27,78
1596,23,16,24,72,97,37,44,42,66,21,59,27,78
1597,42,60,24,72,97,37,44,42,66,21,59,27,78
1598,23,60,24,72,97,37,44,42,66,21,59,27,78
1599,42,16,42,72,97,37,44,42,66,21,59,27,78
1600,23,16,42,72,97,37,44,42,66,21,59,27,78
1601,42,60,42,72,97,37,44,42,66,21,59,27,78
1602,23,60,42,72,97,37,44,42,66,21,59,27,78
1603,42,16,24,49,97,37,44,42,66,21,59,27,78
1604,23,16,24,49,97,37,44,42,66,21,59,27,78
1605,42,60,24,49,97,37,44,42,66,21,59,27,78
1606,23,60,24,49,97,37,44,42,66,21,59,27,78
1607,42,16,42,49,97,37,44,42,66,21,59,27,78
1608,23,16,42,49,97,37,44,42,66,21,59,27,78
1609,42,60,42,49,97,37,44,42,66,21,59,27,78
1610,23,60,42,49,97,37,44,42,66,21,59,27,78
1611,42,16,24,72,33,37,44,42,66,21,59,27,78
1612,23,16,24,72,33,37,44,42,66,21,59,27,78
1613,42,60,24,72,33,37,44,42,66,21,59,27,78
1614,23,60,24,72,33,37,44,42,66,21,59,27,78
1615,42,16,42,72,33,37,44,42,66,21,59,27,78
1616,23,16,42,72,33,37,44,42,66,21,59,27,78
1617,42,60,42,72,33,37,44,42,66,21,59,27,78
1618,23,60,42,72,33,37,44,42,66,21,59,27,78
1619,42,16,24,49,33,37,44,42,66,21,59,27,78
1620,23,16,24,49,33,37,44,42,66,21,59,27,78
1621,42,60,24,49,33,37,44,42,66,21,59,27,78
1622,23,60,24,49,33,37,44,42,66,21,59,27,78
1623,42,16,42,49,33,37,44,42,66,21,59,27,78
1624,23,16,42,49,33,37,44,42,66,21,59,27,78
1625,42,60,42,49,33,37,44,42,66,21,59,27,78
1626,23,60,42,49,33,37,44,42,66,21,59,27,78
1627,42,16,24,72,97,36,44,42,66,21,59,27,78
1628,23,16,24,72,97,36,44,42,66,21,59,27,78
1629,42,60,24,72,97,36,44,42,66,21,59,27,78
1630,23,60,24,72,97,36,44,42,66,21,59,27,78
1631,42,16,42,72,97,36,44,42,66,21,59,27,78
1632,23,16,42,72,97,36,44,42,66,21,59,27,78
1633,42,60,42,72,97,36,44,42,66,21,59,27,78
1634,23,60,42,72,97,36,44,42,66,21,59,27,78
1635,42,16,24,49,97,36,44,42,66,21,59,27,78
1636,23,16,24,49,97,36,44,42,66,21,59,27,78
1637,42,60,24,49,97,36,44,42,66,21,59,27,78
1638,23,60,24,49,97,36,44,42,66,21,59,27,78
1639,42,16,42,49,97,36,44,42,66,21,59,27,78
1640,23,16,42,49,97,36,44,42,66,21,59,27,78
1641,42,60,42,49,97,36,44,42,66,21,59,27,78
1642,23,60,42,49,97,36,44,42,66,21,59,27,78
1643,42,16,24,72,33,36,44,42,66,21,59,27,78
1644,23,16,24,72,33,36,44,42,66,21,59,27,78
1645,42,60,24,72,33,36,44,42,66,21,59,27,78
1646,23,60,24,72,33,36,44,42,66,21,59,27,78
1647,42,16,42,72,33,36,44,42,66,21,59,27,78
1648,23,16,42,72,33,36,44,42,66,21,59,27,78
1649,42,60,42,72,33,36,44,42,66,21,59,27,78
1650,23,60,42,72,33,36,44,42,66,21,59,27,78
1651,42,16,24,49,33,36,44,42,66,21,59,27,78
1652,23,16,24,49,33,36,44,42,66,21,59,27,78
1653,42,60,24,49,33,36,44,42,66,21,59,27,78
1654,23,60,24,49,33,36,44,42,66,21,59,27,78
1655,42,16,42,49,33,36,44,42,66,21,59,27,78
1656,23,16,42,49,33,36,44,42,66,21,59,27,78
1657,42,60,42,49,33,36,44,42,66,21,59,27,78
1658,23,60,42,49,33,36,44,42,66,21,59,27,78
1659,42,16,24,72,97,37,30,42,66,21,59,27,78
1660,23,16,24,72,97,37,30,42,66,21,59,27,78
1661,42,60,24,72,97,37,30,42,66,21,59,27,78
1662,23,60,24,72,97,37,30,42,66,21,59,27,78
1663,42,16,42,72,97,37,30,42,66,21,59,27,78
1664,23,16,42,72,97,37,30,42,66,21,59,27,78
1665,42,60,42,72,97,37,30,42,66,21,59,27,78
1666,23,60,42,72,97,37,30,42,66,21,59,27,78
1667,42,16,24,49,97,37,30,42,66,21,59,27,78
1668,23,16,24,49,97,37,30,42,66,21,59,27,78
1669,42,60,24,49,97,37,30,42,66,21,59,27,78
1670,23,60,24,49,97,37,30,42,66,21,59,27,78
1671,42,16,42,49,97,37,30,42,66,21,59,27,78
1672,23,16,42,49,97,37,30,42,66,21,59,27,78
1673,42,60,42,49,97,37,30,42,66,21,59,27,78
1674,23,60,42,49,97,37,30,42,66,21,59,27,78
1675,42,16,24,72,33,37,30,42,66,21,59,27,78
1676,23,16,24,72,33,37,30,42,66,21,59,27,78
1677,42,60,24,72,33,37,30,42,66,21,59,27,78
1678,23,60,24,72,33,37,30,42,66,21,59,27,78
1679,42,16,42,72,33,37,30,42,66,21,59,27,78
1680,23,16,42,72,33,37,30,42,66,21,59,27,78
1681,42,60,42,72,33,37,30,42,66,21,59,27,78
1682,23,60,42,72,33,37,30,42,66,21,59,27,78
1683,42,16,24,49,33,37,30,42,66,21,59,27,78
1684,23,16,24,49,33,37,30,42,66,21,59,27,78
1685,42,60,24,49,33,37,30,42,66,21,59,27,78
1686,23,60,24,49,33,37,30,42,66,21,59,27,78
1687,42,16,42,49,33,37,30,42,66,21,59,27,78
1688,23,16,42,49,33,37,30,42,66,21,59,27,78
1689,42,60,42,49,33,37,30,42,66,21,59,27,78
1690,23,60,42,49,33,37,30,42,66,21,59,27,78
1691,42,16,24,72,97,36,30,42,66,21,59,27,78
1692,23,16,24,72,97,36,30,42,66,21,59,27,78
1693,42,60,24,72,97,36,30,42,66,21,59,27,78
1694,23,60,24,72,97,36,30,42,66,21,59,27,78
1695,42,16,42,72,97,36,30,42,66,21,59,27,78
1696,23,16,42,72,97,36,30,42,66,21,59,27,78
1697,42,60,42,72,97,36,30,42,66,21,59,27,78
1698,23,60,42,72,97,36,30,42,66,21,59,27,78
1699,42,16,24,49,97,36,30,42,66,21,59,27,78
1700,23,16,24,49,97,36,30,42,66,21,59,27,78
1701,42,60,24,49,97,36,30,42,66,21,59,27,78
1702,23,60,24,49,97,36,30,42,66,21,59,27,78
1703,42,16,42,49,97,36,30,42,66,21,59,27,78
1704,23,16,42,49,97,36,30,42,66,21,59,27,78
1705,42,60,42,49,97,36,30,42,66,21,59,27,78
1706,23,60,42,49,97,36,30,42,66,21,59,27,78
1707,42,16,24,72,33,36,30,42,66,21,59,27,78
1708,23,16,24,72,33,36,30,42,66,21,59,27,78
1709,42,60,24,72,33,36,30,42,66,21,59,27,78
1710,23,60,24,72,33,36,30,42,66,21,59,27,78
1711,23,16,42,72,33,36,30,42,66,21,59,27,78
1712,42,60,42,72,33,36,30,42,66,21,59,27,78
1713,23,60,42,72,33,36,30,42,66,21,59,27,78
1714,42,16,24,49,33,36,30,42,66,21,59,27,78
1715,23,16,24,49,33,36,30,42,66,21,59,27,78
1716,42,60,24,49,33,36,30,42,66,21,59,27,78
1717,23,60,24,49,33,36,30,42,66,21,59,27,78
1718,42,16,42,49,33,36,30,42,66,21,59,27,78
1719,23,16,42,49,33,36,30,42,66,21,59,27,78
1720,42,60,42,49,33,36,30,42,66,21,59,27,78
1721,23,60,42,49,33,36,30,42,66,21,59,27,78
1722,23,16,24,72,97,37,44,78,20,21,59,27,78
1723,42,60,24,72,97,37,44,78,20,21,59,27,78
1724,23,60,24,72,97,37,44,78,20,21,59,27,78
1725,42,16,42,72,97,37,44,78,20,21,59,27,78
1726,23,16,42,72,97,37,44,78,20,21,59,27,78
1727,42,60,42,72,97,37,44,78,20,21,59,27,78
1728,23,60,42,72,97,37,44,78,20,21,59,27,78
1729,42,16,24,49,97,37,44,78,20,21,59,27,78
1730,23,16,24,49,97,37,44,78,20,21,59,27,78
1731,42,60,24,49,97,37,44,78,20,21,59,27,78
1732,23,60,24,49,97,37,44,78,20,21,59,27,78
1733,42,16,42,49,97,37,44,78,20,21,59,27,78
1734,23,16,42,49,97,37,44,78,20,21,59,27,78
1735,42,60,42,49,97,37,44,78,20,21,59,27,78
1736,23,60,42,49,97,37,44,78,20,21,59,27,78
1737,42,16,24,72,33,37,44,78,20,21,59,27,78
1738,23,16,24,72,33,37,44,78,20,21,59,27,78
1739,42,60,24,72,33,37,44,78,20,21,59,27,78
1740,23,60,24,72,33,37,44,78,20,21,59,27,78
1741,42,16,42,72,33,37,44,78,20,21,59,27,78
1742,23,16,42,72,33,37,44,78,20,21,59,27,78
1743,42,60,42,72,33,37,44,78,20,21,59,27,78
1744,23,60,42,72,33,37,44,78,20,21,59,27,78
1745,42,16,24,49,33,37,44,78,20,21,59,27,78
1746,23,16,24,49,33,37,44,78,20,21,59,27,78
1747,42,60,24,49,33,37,44,78,20,21,59,27,78
1748,23,60,24,49,33,37,44,78,20,21,59,27,78
1749,42,16,42,49,33,37,44,78,20,21,59,27,78
1750,23,16,42,49,33,37,44,78,20,21,59,27,78
1751,42,60,42,49,33,37,44,78,20,21,59,27,78
1752,23,60,42,49,33,37,44,78,20,21,59,27,78
1753,42,16,24,72,97,36,44,78,20,21,59,27,78
1754,23,16,24,72,97,36,44,78,20,21,59,27,78
1755,23,60,24,72,97,36,44,78,20,21,59,27,78
1756,42,16,42,72,97,36,44,78,20,21,59,27,78
1757,23,16,42,72,97,36,44,78,20,21,59,27,78
1758,42,60,42,72,97,36,44,78,20,21,59,27,78
1759,23,60,42,72,97,36,44,78,20,21,59,27,78
1760,42,16,24,49,97,36,44,78,20,21,59,27,78
1761,23,16,24,49,97,36,44,78,20,21,59,27,78
1762,42,60,24,49,97,36,44,78,20,21,59,27,78
1763,23,60,24,49,97,36,44,78,20,21,59,27,78
1764,42,16,42,49,97,36,44,78,20,21,59,27,78
1765,23,16,42,49,97,36,44,78,20,21,59,27,78
1766,42,60,42,49,97,36,44,78,20,21,59,27,78
1767,23,60,42,49,97,36,44,78,20,21,59,27,78
1768,42,16,24,72,33,36,44,78,20,21,59,27,78
1769,23,16,24,72,33,36,44,78,20,21,59,27,78
1770,42,60,24,72,33,36,44,78,20,21,59,27,78
1771,23,60,24,72,33,36,44,78,20,21,59,27,78
1772,42,16,42,72,33,36,44,78,20,21,59,27,78
1773,23,16,42,72,33,36,44,78,20,21,59,27,78
1774,42,60,42,72,33,36,44,78,20,21,59,27,78
1775,23,60,42,72,33,36,44,78,20,21,59,27,78
1776,42,16,24,49,33,36,44,78,20,21,59,27,78
1777,23,16,24,49,33,36,44,78,20,21,59,27,78
1778,42,60,24,49,33,36,44,78,20,21,59,27,78
1779,23,60,24,49,33,36,44,78,20,21,59,27,78
1780,42,16,42,49,33,36,44,78,20,21,59,27,78
1781,23,16,42,49,33,36,44,78,20,21,59,27,78
1782,23,60,42,49,33,36,44,78,20,21,59,27,78
1783,42,16,24,72,97,37,30,78,20,21,59,27,78
1784,23,16,24,72,97,37,30,78,20,21,59,27,78
1785,23,60,24,72,97,37,30,78,20,21,59,27,78
1786,42,16,42,72,97,37,30,78,20,21,59,27,78
1787,23,16,42,72,97,37,30,78,20,21,59,27,78
1788,42,60,42,72,97,37,30,78,20,21,59,27,78
1789,23,60,42,72,97,37,30,78,20,21,59,27,78
1790,23,16,24,49,97,37,30,78,20,21,59,27,78
1791,23,60,24,49,97,37,30,78,20,21,59,27,78
1792,42,16,42,49,97,37,30,78,20,21,59,27,78
1793,23,16,42,49,97,37,30,78,20,21,59,27,78
1794,42,60,42,49,97,37,30,78,20,21,59,27,78
1795,23,60,42,49,97,37,30,78,20,21,59,27,78
1796,42,16,24,72,33,37,30,78,20,21,59,27,78
1797,23,16,24,72,33,37,30,78,20,21,59,27,78
1798,42,60,24,72,33,37,30,78,20,21,59,27,78
1799,23,60,24,72,33,37,30,78,20,21,59,27,78
1800,42,16,42,72,33,37,30,78,20,21,59,27,78
1801,23,16,42,72,33,37,30,78,20,21,59,27,78
1802,42,60,42,72,33,37,30,78,20,21,59,27,78
1803,23,60,42,72,33,37,30,78,20,21,59,27,78
1804,42,16,24,49,33,37,30,78,20,21,59,27,78
1805,23,16,24,49,33,37,30,78,20,21,59,27,78
1806,23,60,24,49,33,37,30,78,20,21,59,27,78
1807,42,16,42,49,33,37,30,78,20,21,59,27,78
1808,23,16,42,49,33,37,30,78,20,21,59,27,78
1809,23,60,42,49,33,37,30,78,20,21,59,27,78
1810,42,16,24,72,97,36,30,78,20,21,59,27,78
1811,23,16,24,72,97,36,30,78,20,21,59,27,78
1812,42,60,24,72,97,36,30,78,20,21,59,27,78
1813,23,60,24,72,97,36,30,78,20,21,59,27,78
1814,42,16,42,72,97,36,30,78,20,21,59,27,78
1815,23,16,42,72,97,36,30,78,20,21,59,27,78
1816,42,60,42,72,97,36,30,78,20,21,59,27,78
1817,23,60,42,72,97,36,30,78,20,21,59,27,78
1818,42,16,24,49,97,36,30,78,20,21,59,27,78
1819,23,16,24,49,97,36,30,78,20,21,59,27,78
1820,42,60,24,49,97,36,30,78,20,21,59,27,78
1821,23,60,24,49,97,36,30,78,20,21,59,27,78
1822,42,16,42,49,97,36,30,78,20,21,59,27,78
1823,23,16,42,49,97,36,30,78,20,21,59,27,78
1824,42,60,42,49,97,36,30,78,20,21,59,27,78
1825,23,60,42,49,97,36,30,78,20,21,59,27,78
1826,42,16,24,72,33,36,30,78,20,21,59,27,78
1827,23,16,24,72,33,36,30,78,20,21,59,27,78
1828,23,60,24,72,33,36,30,78,20,21,59,27,78
1829,42,16,42,72,33,36,30,78,20,21,59,27,78
1830,23,16,42,72,33,36,30,78,20,21,59,27,78
1831,42,60,42,72,33,36,30,78,20,21,59,27,78
1832,23,60,42,72,33,36,30,78,20,21,59,27,78
1833,42,16,24,49,33,36,30,78,20,21,59,27,78
1834,42,60,24,49,33,36,30,78,20,21,59,27,78
1835,23,60,24,49,33,36,30,78,20,21,59,27,78
1836,42,16,42,49,33,36,30,78,20,21,59,27,78
1837,23,16,42,49,33,36,30,78,20,21,59,27,78
1838,42,60,42,49,33,36,30,78,20,21,59,27,78
1839,23,60,42,49,33,36,30,78,20,21,59,27,78
1840,42,16,24,72,97,37,44,42,20,21,59,27,78
1841,23,16,24,72,97,37,44,42,20,21,59,27,78
1842,42,60,24,72,97,37,44,42,20,21,59,27,78
1843,23,60,24,72,97,37,44,42,20,21,59,27,78
1844,42,16,42,72,97,37,44,42,20,21,59,27,78
1845,23,16,42,72,97,37,44,42,20,21,59,27,78
1846,42,60,42,72,97,37,44,42,20,21,59,27,78
1847,23,60,42,72,97,37,44,42,20,21,59,27,78
1848,42,16,24,49,97,37,44,42,20,21,59,27,78
1849,23,16,24,49,97,37,44,42,20,21,59,27,78
1850,42,60,24,49,97,37,44,42,20,21,59,27,78
1851,23,60,24,49,97,37,44,42,20,21,59,27,78
1852,42,16,42,49,97,37,44,42,20,21,59,27,78
1853,23,16,42,49,97,37,44,42,20,21,59,27,78
1854,42,60,42,49,97,37,44,42,20,21,59,27,78
1855,23,60,42,49,97,37,44,42,20,21,59,27,78
1856,42,16,24,72,33,37,44,42,20,21,59,27,78
1857,23,16,24,72,33,37,44,42,20,21,59,27,78
1858,42,60,24,72,33,37,44,42,20,21,59,27,78
1859,23,60,24,72,33,37,44,42,20,21,59,27,78
1860,42,16,42,72,33,37,44,42,20,21,59,27,78
1861,23,16,42,72,33,37,44,42,20,21,59,27,78
1862,42,60,42,72,33,37,44,42,20,21,59,27,78
1863,23,60,42,72,33,37,44,42,20,21,59,27,78
1864,42,16,24,49,33,37,44,42,20,21,59,27,78
1865,23,16,24,49,33,37,44,42,20,21,59,27,78
1866,42,60,24,49,33,37,44,42,20,21,59,27,78
1867,23,60,24,49,33,37,44,42,20,21,59,27,78
1868,42,16,42,49,33,37,44,42,20,21,59,27,78
1869,23,16,42,49,33,37,44,42,20,21,59,27,78
1870,42,60,42,49,33,37,44,42,20,21,59,27,78
1871,23,60,42,49,33,37,44,42,20,21,59,27,78
1872,42,16,24,72,97,36,44,42,20,21,59,27,78
1873,23,16,24,72,97,36,44,42,20,21,59,27,78
1874,42,60,24,72,97,36,44,42,20,21,59,27,78
1875,23,60,24,72,97,36,44,42,20,21,59,27,78
1876,42,16,42,72,97,36,44,42,20,21,59,27,78
1877,23,16,42,72,97,36,44,42,20,21,59,27,78
1878,42,60,42,72,97,36,44,42,20,21,59,27,78
1879,23,60,42,72,97,36,44,42,20,21,59,27,78
1880,42,16,24,49,97,36,44,42,20,21,59,27,78
1881,23,16,24,49,97,36,44,42,20,21,59,27,78
1882,42,60,24,49,97,36,44,42,20,21,59,27,78
1883,23,60,24,49,97,36,44,42,20,21,59,27,78
1884,42,16,42,49,97,36,44,42,20,21,59,27,78
1885,23,16,42,49,97,36,44,42,20,21,59,27,78
1886,42,60,42,49,97,36,44,42,20,21,59,27,78
1887,23,60,42,49,97,36,44,42,20,21,59,27,78
1888,42,16,24,72,33,36,44,42,20,21,59,27,78
1889,23,16,24,72,33,36,44,42,20,21,59,27,78
1890,42,60,24,72,33,36,44,42,20,21,59,27,78
1891,23,60,24,72,33,36,44,42,20,21,59,27,78
1892,42,16,42,72,33,36,44,42,20,21,59,27,78
1893,23,16,42,72,33,36,44,42,20,21,59,27,78
1894,42,60,42,72,33,36,44,42,20,21,59,27,78
1895,23,60,42,72,33,36,44,42,20,21,59,27,78
1896,42,16,24,49,33,36,44,42,20,21,59,27,78
1897,23,16,24,49,33,36,44,42,20,21,59,27,78
1898,42,60,24,49,33,36,44,42,20,21,59,27,78
1899,23,60,24,49,33,36,44,42,20,21,59,27,78
1900,42,16,42,49,33,36,44,42,20,21,59,27,78
1901,23,16,42,49,33,36,44,42,20,21,59,27,78
1902,42,60,42,49,33,36,44,42,20,21,59,27,78
1903,23,60,42,49,33,36,44,42,20,21,59,27,78
1904,23,16,24,72,97,37,30,42,20,21,59,27,78
1905,42,60,24,72,97,37,30,42,20,21,59,27,78
1906,23,60,24,72,97,37,30,42,20,21,59,27,78
1907,42,16,42,72,97,37,30,42,20,21,59,27,78
1908,23,16,42,72,97,37,30,42,20,21,59,27,78
1909,42,60,42,72,97,37,30,42,20,21,59,27,78
1910,23,60,42,72,97,37,30,42,20,21,59,27,78
1911,42,16,24,49,97,37,30,42,20,21,59,27,78
1912,23,16,24,49,97,37,30,42,20,21,59,27,78
1913,42,60,24,49,97,37,30,42,20,21,59,27,78
1914,23,60,24,49,97,37,30,42,20,21,59,27,78
1915,42,16,42,49,97,37,30,42,20,21,59,27,78
1916,23,16,42,49,97,37,30,42,20,21,59,27,78
1917,42,60,42,49,97,37,30,42,20,21,59,27,78
1918,23,60,42,49,97,37,30,42,20,21,59,27,78
1919,42,16,24,72,33,37,30,42,20,21,59,27,78
1920,23,16,24,72,33,37,30,42,20,21,59,27,78
1921,42,60,24,72,33,37,30,42,20,21,59,27,78
1922,23,60,24,72,33,37,30,42,20,21,59,27,78
1923,42,16,42,72,33,37,30,42,20,21,59,27,78
1924,23,16,42,72,33,37,30,42,20,21,59,27,78
1925,42,60,42,72,33,37,30,42,20,21,59,27,78
1926,23,60,42,72,33,37,30,42,20,21,59,27,78
1927,42,16,24,49,33,37,30,42,20,21,59,27,78
1928,23,16,24,49,33,37,30,42,20,21,59,27,78
1929,42,60,24,49,33,37,30,42,20,21,59,27,78
1930,23,60,24,49,33,37,30,42,20,21,59,27,78
1931,42,16,42,49,33,37,30,42,20,21,59,27,78
1932,23,16,42,49,33,37,30,42,20,21,59,27,78
1933,42,60,42,49,33,37,30,42,20,21,59,27,78
1934,23,60,42,49,33,37,30,42,20,21,59,27,78
1935,42,16,24,72,97,36,30,42,20,21,59,27,78
1936,23,16,24,72,97,36,30,42,20,21,59,27,78
1937,42,60,24,72,97,36,30,42,20,21,59,27,78
1938,23,60,24,72,97,36,30,42,20,21,59,27,78
1939,42,16,42,72,97,36,30,42,20,21,59,27,78
1940,23,16,42,72,97,36,30,42,20,21,59,27,78
1941,42,60,42,72,97,36,30,42,20,21,59,27,78
1942,23,60,42,72,97,36,30,42,20,21,59,27,78
1943,42,16,24,49,97,36,30,42,20,21,59,27,78
1944,23,16,24,49,97,36,30,42,20,21,59,27,78
1945,42,60,24,49,97,36,30,42,20,21,59,27,78
1946,23,60,24,49,97,36,30,42,20,21,59,27,78
1947,42,16,42,49,97,36,30,42,20,21,59,27,78
1948,23,16,42,49,97,36,30,42,20,21,59,27,78
1949,42,60,42,49,97,36,30,42,20,21,59,27,78
1950,23,60,42,49,97,36,30,42,20,21,59,27,78
1951,42,16,24,72,33,36,30,42,20,21,59,27,78
1952,23,16,24,72,33,36,30,42,20,21,59,27,78
1953,42,60,24,72,33,36,30,42,20,21,59,27,78
1954,23,60,24,72,33,36,30,42,20,21,59,27,78
1955,42,16,42,72,33,36,30,42,20,21,59,27,78
1956,23,16,42,72,33,36,30,42,20,21,59,27,78
1957,42,60,42,72,33,36,30,42,20,21,59,27,78
1958,23,60,42,72,33,36,30,42,20,21,59,27,78
1959,42,16,24,49,33,36,30,42,20,21,59,27,78
1960,23,16,24,49,33,36,30,42,20,21,59,27,78
1961,42,60,24,49,33,36,30,42,20,21,59,27,78
1962,23,60,24,49,33,36,30,42,20,21,59,27,78
1963,42,16,42,49,33,36,30,42,20,21,59,27,78
1964,23,16,42,49,33,36,30,42,20,21,59,27,78
1965,42,60,42,49,33,36,30,42,20,21,59,27,78
1966,23,60,42,49,33,36,30,42,20,21,59,27,78
1967,42,16,24,72,97,37,44,78,66,80,2,65,78
1968,23,16,24,72,97,37,44,78,66,80,2,65,78
1969,42,60,24,72,97,37,44,78,66,80,2,65,78
1970,23,60,24,72,97,37,44,78,66,80,2,65,78
1971,42,16,42,72,97,37,44,78,66,80,2,65,78
1972,23,16,42,72,97,37,44,78,66,80,2,65,78
1973,42,60,42,72,97,37,44,78,66,80,2,65,78
1974,23,60,42,72,97,37,44,78,66,80,2,65,78
1975,42,16,24,49,97,37,44,78,66,80,2,65,78
1976,23,16,24,49,97,37,44,78,66,80,2,65,78
1977,42,60,24,49,97,37,44,78,66,80,2,65,78
1978,23,60,24,49,97,37,44,78,66,80,2,65,78
1979,42,16,42,49,97,37,44,78,66,80,2,65,78
1980,23,16,42,49,97,37,44,78,66,80,2,65,78
1981,23,60,42,49,97,37,44,78,66,80,2,65,78
1982,42,16,24,72,33,37,44,78,66,80,2,65,78
1983,23,16,24,72,33,37,44,78,66,80,2,65,78
1984,42,60,24,72,33,37,44,78,66,80,2,65,78
1985,23,60,24,72,33,37,44,78,66,80,2,65,78
1986,42,16,42,72,33,37,44,78,66,80,2,65,78
1987,23,16,42,72,33,37,44,78,66,80,2,65,78
1988,42,60,42,72,33,37,44,78,66,80,2,65,78
1989,23,60,42,72,33,37,44,78,66,80,2,65,78
1990,42,16,24,49,33,37,44,78,66,80,2,65,78
1991,42,60,24,49,33,37,44,78,66,80,2,65,78
1992,23,60,24,49,33,37,44,78,66,80,2,65,78
1993,42,16,42,49,33,37,44,78,66,80,2,65,78
1994,23,16,42,49,33,37,44,78,66,80,2,65,78
1995,42,60,42,49,33,37,44,78,66,80,2,65,78
1996,23,60,42,49,33,37,44,78,66,80,2,65,78
1997,42,16,24,72,97,36,44,78,66,80,2,65,78
1998,23,16,24,72,97,36,44,78,66,80,2,65,78
1999,42,60,24,72,97,36,44,78,66,80,2,65,78
2000,23,60,24,72,97,36,44,78,66,80,2,65,78
2001,42,16,42,72,97,36,44,78,66,80,2,65,78
2002,23,16,42,72,97,36,44,78,66,80,2,65,78
2003,23,60,42,72,97,36,44,78,66,80,2,65,78
2004,42,16,24,49,97,36,44,78,66,80,2,65,78
2005,23,16,24,49,97,36,44,78,66,80,2,65,78
2006,42,60,24,49,97,36,44,78,66,80,2,65,78
2007,23,60,24,49,97,36,44,78,66,80,2,65,78
2008,42,16,42,49,97,36,44,78,66,80,2,65,78
2009,23,16,42,49,97,36,44,78,66,80,2,65,78
2010,42,60,42,49,97,36,44,78,66,80,2,65,78
2011,23,60,42,49,97,36,44,78,66,80,2,65,78
2012,42,16,24,72,33,36,44,78,66,80,2,65,78
2013,23,16,24,72,33,36,44,78,66,80,2,65,78
2014,42,60,24,72,33,36,44,78,66,80,2,65,78
2015,23,60,24,72,33,36,44,78,66,80,2,65,78
2016,42,16,42,72,33,36,44,78,66,80,2,65,78
2017,23,16,42,72,33,36,44,78,66,80,2,65,78
2018,42,60,42,72,33,36,44,78,66,80,2,65,78
2019,23,60,42,72,33,36,44,78,66,80,2,65,78
2020,42,16,24,49,33,36,44,78,66,80,2,65,78
2021,23,16,24,49,33,36,44,78,66,80,2,65,78
2022,42,60,24,49,33,36,44,78,66,80,2,65,78
2023,23,60,24,49,33,36,44,78,66,80,2,65,78
2024,42,16,42,49,33,36,44,78,66,80,2,65,78
2025,23,16,42,49,33,36,44,78,66,80,2,65,78
2026,42,60,42,49,33,36,44,78,66,80,2,65,78
2027,23,60,42,49,33,36,44,78,66,80,2,65,78
2028,42,16,24,72,97,37,30,78,66,80,2,65,78
2029,23,16,24,72,97,37,30,78,66,80,2,65,78
2030,42,60,24,72,97,37,30,78,66,80,2,65,78
2031,23,60,24,72,97,37,30,78,66,80,2,65,78
2032,42,16,42,72,97,37,30,78,66,80,2,65,78
2033,23,16,42,72,97,37,30,78,66,80,2,65,78
2034,42,60,42,72,97,37,30,78,66,80,2,65,78
2035,23,60,42,72,97,37,30,78,66,80,2,65,78
2036,42,16,24,49,97,37,30,78,66,80,2,65,78
2037,23,16,24,49,97,37,30,78,66,80,2,65,78
2038,42,60,24,49,97,37,30,78,66,80,2,65,78
2039,23,60,24,49,97,37,30,78,66,80,2,65,78
2040,42,16,42,49,97,37,30,78,66,80,2,65,78
2041,23,16,42,49,97,37,30,78,66,80,2,65,78
2042,42,60,42,49,97,37,30,78,66,80,2,65,78
2043,23,60,42,49,97,37,30,78,66,80,2,65,78
2044,42,16,24,72,33,37,30,78,66,80,2,65,78
2045,23,16,24,72,33,37,30,78,66,80,2,65,78
2046,23,60,24,72,33,37,30,78,66,80,2,65,78
2047,42,16,42,72,33,37,30,78,66,80,2,65,78
2048,23,16,42,72,33,37,30,78,66,80,2,65,78
2049,42,60,42,72,33,37,30,78,66,80,2,65,78
2050,23,60,42,72,33,37,30,78,66,80,2,65,78
2051,42,16,24,49,33,37,30,78,66,80,2,65,78
2052,23,16,24,49,33,37,30,78,66,80,2,65,78
2053,42,60,24,49,33,37,30,78,66,80,2,65,78
2054,23,60,24,49,33,37,30,78,66,80,2,65,78
2055,42,16,42,49,33,37,30,78,66,80,2,65,78
2056,23,16,42,49,33,37,30,78,66,80,2,65,78
2057,42,60,42,49,33,37,30,78,66,80,2,65,78
2058,23,60,42,49,33,37,30,78,66,80,2,65,78
2059,42,16,24,72,97,36,30,78,66,80,2,65,78
2060,23,16,24,72,97,36,30,78,66,80,2,65,78
2061,42,60,24,72,97,36,30,78,66,80,2,65,78
2062,23,60,24,72,97,36,30,78,66,80,2,65,78
2063,23,16,42,72,97,36,30,78,66,80,2,65,78
2064,42,60,42,72,97,36,30,78,66,80,2,65,78
2065,23,60,42,72,97,36,30,78,66,80,2,65,78
2066,42,16,24,49,97,36,30,78,66,80,2,65,78
2067,23,16,24,49,97,36,30,78,66,80,2,65,78
2068,42,60,24,49,97,36,30,78,66,80,2,65,78
2069,23,60,24,49,97,36,30,78,66,80,2,65,78
2070,42,16,42,49,97,36,30,78,66,80,2,65,78
2071,23,16,42,49,97,36,30,78,66,80,2,65,78
2072,42,60,42,49,97,36,30,78,66,80,2,65,78
2073,23,60,42,49,97,36,30,78,66,80,2,65,78
2074,42,16,24,72,33,36,30,78,66,80,2,65,78
2075,23,16,24,72,33,36,30,78,66,80,2,65,78
2076,42,60,24,72,33,36,30,78,66,80,2,65,78
2077,23,60,24,72,33,36,30,78,66,80,2,65,78
2078,42,16,42,72,33,36,30,78,66,80,2,65,78
2079,23,16,42,72,33,36,30,78,66,80,2,65,78
2080,42,60,42,72,33,36,30,78,66,80,2,65,78
2081,23,60,42,72,33,36,30,78,66,80,2,65,78
2082,42,16,24,49,33,36,30,78,66,80,2,65,78
2083,23,16,24,49,33,36,30,78,66,80,2,65,78
2084,42,60,24,49,33,36,30,78,66,80,2,65,78
2085,23,60,24,49,33,36,30,78,66,80,2,65,78
2086,42,16,42,49,33,36,30,78,66,80,2,65,78
2087,23,16,42,49,33,36,30,78,66,80,2,65,78
2088,42,60,42,49,33,36,30,78,66,80,2,65,78
2089,23,60,42,49,33,36,30,78,66,80,2,65,78
2090,42,16,24,72,97,37,44,42,66,80,2,65,78
2091,23,16,24,72,97,37,44,42,66,80,2,65,78
2092,42,60,24,72,97,37,44,42,66,80,2,65,78
2093,23,60,24,72,97,37,44,42,66,80,2,65,78
2094,42,16,42,72,97,37,44,42,66,80,2,65,78
2095,23,16,42,72,97,37,44,42,66,80,2,65,78
2096,42,60,42,72,97,37,44,42,66,80,2,65,78
2097,23,60,42,72,97,37,44,42,66,80,2,65,78
2098,42,16,24,49,97,37,44,42,66,80,2,65,78
2099,23,16,24,49,97,37,44,42,66,80,2,65,78
2100,42,60,24,49,97,37,44,42,66,80,2,65,78
2101,23,60,24,49,97,37,44,42,66,80,2,65,78
2102,42,16,42,49,97,37,44,42,66,80,2,65,78
2103,23,16,42,49,97,37,44,42,66,80,2,65,78
2104,42,60,42,49,97,37,44,42,66,80,2,65,78
2105,23,60,42,49,97,37,44,42,66,80,2,65,78
2106,42,16,24,72,33,37,44,42,66,80,2,65,78
2107,23,16,24,72,33,37,44,42,66,80,2,65,78
2108,42,60,24,72,33,37,44,42,66,80,2,65,78
2109,23,60,24,72,33,37,44,42,66,80,2,65,78
2110,42,16,42,72,33,37,44,42,66,80,2,65,78
2111,23,16,42,72,33,37,44,42,66,80,2,65,78
2112,42,60,42,72,33,37,44,42,66,80,2,65,78
2113,23,60,42,72,33,37,44,42,66,80,2,65,78
2114,42,16,24,49,33,37,44,42,66,80,2,65,78
2115,23,16,24,49,33,37,44,42,66,80,2,65,78
2116,42,60,24,49,33,37,44,42,66,80,2,65,78
2117,23,60,24,49,33,37,44,42,66,80,2,65,78
2118,42,16,42,49,33,37,44,42,66,80,2,65,78
2119,23,16,42,49,33,37,44,42,66,80,2,65,78
2120,42,60,42,49,33,37,44,42,66,80,2,65,78
2121,23,60,42,49,33,37,44,42,66,80,2,65,78
2122,42,16,24,72,97,36,44,42,66,80,2,65,78
2123,23,16,24,72,97,36,44,42,66,80,2,65,78
2124,42,60,24,72,97,36,44,42,66,80,2,65,78
2125,23,60,24,72,97,36,44,42,66,80,2,65,78
2126,42,16,42,72,97,36,44,42,66,80,2,65,78
2127,23,16,42,72,97,36,44,42,66,80,2,65,78
2128,42,60,42,72,97,36,44,42,66,80,2,65,78
2129,23,60,42,72,97,36,44,42,66,80,2,65,78
2130,42,16,24,49,97,36,44,42,66,80,2,65,78
2131,23,16,24,49,97,36,44,42,66,80,2,65,78
2132,42,60,24,49,97,36,44,42,66,80,2,65,78
2133,23,60,24,49,97,36,44,42,66,80,2,65,78
2134,42,16,42,49,97,36,44,42,66,80,2,65,78
2135,23,16,42,49,97,36,44,42,66,80,2,65,78
2136,42,60,42,49,97,36,44,42,66,80,2,65,78
2137,23,60,42,49,97,36,44,42,66,80,2,65,78
2138,42,16,24,72,33,36,44,42,66,80,2,65,78
2139,23,16,24,72,33,36,44,42,66,80,2,65,78
2140,42,60,24,72,33,36,44,42,66,80,2,65,78
2141,23,60,24,72,33,36,44,42,66,80,2,65,78
2142,42,16,42,72,33,36,44,42,66,80,2,65,78
2143,23,16,42,72,33,36,44,42,66,80,2,65,78
2144,42,60,42,72,33,36,44,42,66,80,2,65,78
2145,23,60,42,72,33,36,44,42,66,80,2,65,78
2146,42,16,24,49,33,36,44,42,66,80,2,65,78
2147,23,16,24,49,33,36,44,42,66,80,2,65,78
2148,42,60,24,49,33,36,44,42,66,80,2,65,78
2149,23,60,24,49,33,36,44,42,66,80,2,65,78
2150,42,16,42,49,33,36,44,42,66,80,2,65,78
2151,23,16,42,49,33,36,44,42,66,80,2,65,78
2152,42,60,42,49,33,36,44,42,66,80,2,65,78
2153,23,60,42,49,33,36,44,42,66,80,2,65,78
2154,42,16,24,72,97,37,30,42,66,80,2,65,78
2155,23,16,24,72,97,37,30,42,66,80,2,65,78
2156,23,60,24,72,97,37,30,42,66,80,2,65,78
2157,42,16,42,72,97,37,30,42,66,80,2,65,78
2158,23,16,42,72,97,37,30,42,66,80,2,65,78
2159,42,60,42,72,97,37,30,42,66,80,2,65,78
2160,23,60,42,72,97,37,30,42,66,80,2,65,78
2161,42,16,24,49,97,37,30,42,66,80,2,65,78
2162,23,16,24,49,97,37,30,42,66,80,2,65,78
2163,42,60,24,49,97,37,30,42,66,80,2,65,78
2164,23,60,24,49,97,37,30,42,66,80,2,65,78
2165,42,16,42,49,97,37,30,42,66,80,2,65,78
2166,23,16,42,49,97,37,30,42,66,80,2,65,78
2167,42,60,42,49,97,37,30,42,66,80,2,65,78
2168,23,60,42,49,97,37,30,42,66,80,2,65,78
2169,42,16,24,72,33,37,30,42,66,80,2,65,78
2170,23,16,24,72,33,37,30,42,66,80,2,65,78
2171,42,60,24,72,33,37,30,42,66,80,2,65,78
2172,23,60,24,72,33,37,30,42,66,80,2,65,78
2173,42,16,42,72,33,37,30,42,66,80,2,65,78
2174,23,16,42,72,33,37,30,42,66,80,2,65,78
2175,42,60,42,72,33,37,30,42,66,80,2,65,78
2176,23,60,42,72,33,37,30,42,66,80,2,65,78
2177,42,16,24,49,33,37,30,42,66,80,2,65,78
2178,23,16,24,49,33,37,30,42,66,80,2,65,78
2179,42,60,24,49,33,37,30,42,66,80,2,65,78
2180,23,60,24,49,33,37,30,42,66,80,2,65,78
2181,42,16,42,49,33,37,30,42,66,80,2,65,78
2182,23,16,42,49,33,37,30,42,66,80,2,65,78
2183,42,60,42,49,33,37,30,42,66,80,2,65,78
2184,23,60,42,49,33,37,30,42,66,80,2,65,78
2185,42,16,24,72,97,36,30,42,66,80,2,65,78
2186,23,16,24,72,97,36,30,42,66,80,2,65,78
2187,42,60,24,72,97,36,30,42,66,80,2,65,78
2188,23,60,24,72,97,36,30,42,66,80,2,65,78
2189,42,16,42,72,97,36,30,42,66,80,2,65,78
2190,23,16,42,72,97,36,30,42,66,80,2,65,78
2191,42,60,42,72,97,36,30,42,66,80,2,65,78
2192,23,60,42,72,97,36,30,42,66,80,2,65,78
2193,42,16,24,49,97,36,30,42,66,80,2,65,78
2194,23,16,24,49,97,36,30,42,66,80,2,65,78
2195,42,60,24,49,97,36,30,42,66,80,2,65,78
2196,23,60,24,49,97,36,30,42,66,80,2,65,78
2197,42,16,42,49,97,36,30,42,66,80,2,65,78
2198,23,16,42,49,97,36,30,42,66,80,2,65,78
2199,42,60,42,49,97,36,30,42,66,80,2,65,78
2200,23,60,42,49,97,36,30,42,66,80,2,65,78
2201,42,16,24,72,33,36,30,42,66,80,2,65,78
2202,23,16,24,72,33,36,30,42,66,80,2,65,78
2203,42,60,24,72,33,36,30,42,66,80,2,65,78
2204,23,60,24,72,33,36,30,42,66,80,2,65,78
2205,42,16,42,72,33,36,30,42,66,80,2,65,78
2206,23,16,42,72,33,36,30,42,66,80,2,65,78
2207,42,60,42,72,33,36,30,42,66,80,2,65,78
2208,23,60,42,72,33,36,30,42,66,80,2,65,78
2209,42,16,24,49,33,36,30,42,66,80,2,65,78
2210,23,16,24,49,33,36,30,42,66,80,2,65,78
2211,42,60,24,49,33,36,30,42,66,80,2,65,78
2212,23,60,24,49,33,36,30,42,66,80,2,65,78
2213,42,16,42,49,33,36,30,42,66,80,2,65,78
2214,23,16,42,49,33,36,30,42,66,80,2,65,78
2215,42,60,42,49,33,36,30,42,66,80,2,65,78
2216,23,60,42,49,33,36,30,42,66,80,2,65,78
2217,42,16,24,72,97,37,44,78,20,80,2,65,78
2218,23,16,24,72,97,37,44,78,20,80,2,65,78
2219,23,60,24,72,97,37,44,78,20,80,2,65,78
2220,42,16,42,72,97,37,44,78,20,80,2,65,78
2221,42,60,42,72,97,37,44,78,20,80,2,65,78
2222,23,60,42,72,97,37,44,78,20,80,2,65,78
2223,42,16,24,49,97,37,44,78,20,80,2,65,78
2224,23,16,24,49,97,37,44,78,20,80,2,65,78
2225,42,60,24,49,97,37,44,78,20,80,2,65,78
2226,23,60,24,49,97,37,44,78,20,80,2,65,78
2227,42,16,42,49,97,37,44,78,20,80,2,65,78
2228,23,16,42,49,97,37,44,78,20,80,2,65,78
2229,42,60,42,49,97,37,44,78,20,80,2,65,78
2230,23,60,42,49,97,37,44,78,20,80,2,65,78
2231,42,16,24,72,33,37,44,78,20,80,2,65,78
2232,23,16,24,72,33,37,44,78,20,80,2,65,78
2233,42,60,24,72,33,37,44,78,20,80,2,65,78
2234,23,60,24,72,33,37,44,78,20,80,2,65,78
2235,42,16,42,72,33,37,44,78,20,80,2,65,78
2236,23,16,42,72,33,37,44,78,20,80,2,65,78
2237,42,60,42,72,33,37,44,78,20,80,2,65,78
2238,23,60,42,72,33,37,44,78,20,80,2,65,78
2239,42,16,24,49,33,37,44,78,20,80,2,65,78
2240,23,16,24,49,33,37,44,78,20,80,2,65,78
2241,42,60,24,49,33,37,44,78,20,80,2,65,78
2242,23,60,24,49,33,37,44,78,20,80,2,65,78
2243,42,16,42,49,33,37,44,78,20,80,2,65,78
2244,23,16,42,49,33,37,44,78,20,80,2,65,78
2245,42,60,42,49,33,37,44,78,20,80,2,65,78
2246,23,60,42,49,33,37,44,78,20,80,2,65,78
2247,42,16,24,72,97,36,44,78,20,80,2,65,78
2248,23,16,24,72,97,36,44,78,20,80,2,65,78
2249,42,60,24,72,97,36,44,78,20,80,2,65,78
2250,23,60,24,72,97,36,44,78,20,80,2,65,78
2251,42,16,42,72,97,36,44,78,20,80,2,65,78
2252,23,16,42,72,97,36,44,78,20,80,2,65,78
2253,42,60,42,72,97,36,44,78,20,80,2,65,78
2254,23,60,42,72,97,36,44,78,20,80,2,65,78
2255,42,16,24,49,97,36,44,78,20,80,2,65,78
2256,23,16,24,49,97,36,44,78,20,80,2,65,78
2257,42,60,24,49,97,36,44,78,20,80,2,65,78
2258,23,60,24,49,97,36,44,78,20,80,2,65,78
2259,42,16,42,49,97,36,44,78,20,80,2,65,78
2260,23,16,42,49,97,36,44,78,20,80,2,65,78
2261,23,60,42,49,97,36,44,78,20,80,2,65,78
2262,42,16,24,72,33,36,44,78,20,80,2,65,78
2263,23,16,24,72,33,36,44,78,20,80,2,65,78
2264,42,60,24,72,33,36,44,78,20,80,2,65,78
2265,23,60,24,72,33,36,44,78,20,80,2,65,78
2266,42,16,42,72,33,36,44,78,20,80,2,65,78
2267,23,16,42,72,33,36,44,78,20,80,2,65,78
2268,42,60,42,72,33,36,44,78,20,80,2,65,78
2269,23,60,42,72,33,36,44,78,20,80,2,65,78
2270,42,16,24,49,33,36,44,78,20,80,2,65,78
2271,23,16,24,49,33,36,44,78,20,80,2,65,78
2272,23,60,24,49,33,36,44,78,20,80,2,65,78
2273,42,16,42,49,33,36,44,78,20,80,2,65,78
2274,23,16,42,49,33,36,44,78,20,80,2,65,78
2275,42,60,42,49,33,36,44,78,20,80,2,65,78
2276,23,60,42,49,33,36,44,78,20,80,2,65,78
2277,42,16,24,72,97,37,30,78,20,80,2,65,78
2278,23,60,24,72,97,37,30,78,20,80,2,65,78
2279,42,16,42,72,97,37,30,78,20,80,2,65,78
2280,23,16,42,72,97,37,30,78,20,80,2,65,78
2281,42,60,42,72,97,37,30,78,20,80,2,65,78
2282,23,60,42,72,97,37,30,78,20,80,2,65,78
2283,42,16,24,49,97,37,30,78,20,80,2,65,78
2284,23,16,24,49,97,37,30,78,20,80,2,65,78
2285,23,60,24,49,97,37,30,78,20,80,2,65,78
2286,42,16,42,49,97,37,30,78,20,80,2,65,78
2287,23,16,42,49,97,37,30,78,20,80,2,65,78
2288,42,60,42,49,97,37,30,78,20,80,2,65,78
2289,23,60,42,49,97,37,30,78,20,80,2,65,78
2290,42,16,24,72,33,37,30,78,20,80,2,65,78
2291,23,16,24,72,33,37,30,78,20,80,2,65,78
2292,42,60,24,72,33,37,30,78,20,80,2,65,78
2293,23,60,24,72,33,37,30,78,20,80,2,65,78
2294,42,16,42,72,33,37,30,78,20,80,2,65,78
2295,23,16,42,72,33,37,30,78,20,80,2,65,78
2296,42,60,42,72,33,37,30,78,20,80,2,65,78
2297,23,60,42,72,33,37,30,78,20,80,2,65,78
2298,42,16,24,49,33,37,30,78,20,80,2,65,78
2299,23,16,24,49,33,37,30,78,20,80,2,65,78
2300,42,60,24,49,33,37,30,78,20,80,2,65,78
2301,23,60,24,49,33,37,30,78,20,80,2,65,78
2302,42,16,42,49,33,37,30,78,20,80,2,65,78
2303,23,16,42,49,33,37,30,78,20,80,2,65,78
2304,23,60,42,49,33,37,30,78,20,80,2,65,78
2305,42,16,24,72,97,36,30,78,20,80,2,65,78
2306,23,16,24,72,97,36,30,78,20,80,2,65,78
2307,42,60,24,72,97,36,30,78,20,80,2,65,78
2308,23,60,24,72,97,36,30,78,20,80,2,65,78
2309,42,16,42,72,97,36,30,78,20,80,2,65,78
2310,23,16,42,72,97,36,30,78,20,80,2,65,78
2311,42,60,42,72,97,36,30,78,20,80,2,65,78
2312,23,60,42,72,97,36,30,78,20,80,2,65,78
2313,42,16,24,49,97,36,30,78,20,80,2,65,78
2314,23,16,24,49,97,36,30,78,20,80,2,65,78
2315,42,60,24,49,97,36,30,78,20,80,2,65,78
2316,23,60,24,49,97,36,30,78,20,80,2,65,78
2317,42,16,42,49,97,36,30,78,20,80,2,65,78
2318,23,16,42,49,97,36,30,78,20,80,2,65,78
2319,42,60,42,49,97,36,30,78,20,80,2,65,78
2320,23,60,42,49,97,36,30,78,20,80,2,65,78
2321,42,16,24,72,33,36,30,78,20,80,2,65,78
2322,23,16,24,72,33,36,30,78,20,80,2,65,78
2323,23,60,24,72,33,36,30,78,20,80,2,65,78
2324,42,16,42,72,33,36,30,78,20,80,2,65,78
2325,23,16,42,72,33,36,30,78,20,80,2,65,78
2326,42,60,42,72,33,36,30,78,20,80,2,65,78
2327,23,60,42,72,33,36,30,78,20,80,2,65,78
2328,42,16,24,49,33,36,30,78,20,80,2,65,78
2329,23,16,24,49,33,36,30,78,20,80,2,65,78
2330,23,60,24,49,33,36,30,78,20,80,2,65,78
2331,42,16,42,49,33,36,30,78,20,80,2,65,78
2332,23,16,42,49,33,36,30,78,20,80,2,65,78
2333,42,60,42,49,33,36,30,78,20,80,2,65,78
2334,23,60,42,49,33,36,30,78,20,80,2,65,78
2335,42,16,24,72,97,37,44,42,20,80,2,65,78
2336,23,16,24,72,97,37,44,42,20,80,2,65,78
2337,42,60,24,72,97,37,44,42,20,80,2,65,78
2338,23,60,24,72,97,37,44,42,20,80,2,65,78
2339,42,16,42,72,97,37,44,42,20,80,2,65,78
2340,23,16,42,72,97,37,44,42,20,80,2,65,78
2341,42,60,42,72,97,37,44,42,20,80,2,65,78
2342,23,60,42,72,97,37,44,42,20,80,2,65,78
2343,42,16,24,49,97,37,44,42,20,80,2,65,78
2344,23,16,24,49,97,37,44,42,20,80,2,65,78
2345,42,60,24,49,97,37,44,42,20,80,2,65,78
2346,23,60,24,49,97,37,44,42,20,80,2,65,78
2347,42,16,42,49,97,37,44,42,20,80,2,65,78
2348,23,16,42,49,97,37,44,42,20,80,2,65,78
2349,42,60,42,49,97,37,44,42,20,80,2,65,78
2350,23,60,42,49,97,37,44,42,20,80,2,65,78
2351,42,16,24,72,33,37,44,42,20,80,2,65,78
2352,23,16,24,72,33,37,44,42,20,80,2,65,78
2353,42,60,24,72,33,37,44,42,20,80,2,65,78
2354,23,60,24,72,33,37,44,42,20,80,2,65,78
2355,42,16,42,72,33,37,44,42,20,80,2,65,78
2356,23,16,42,72,33,37,44,42,20,80,2,65,78
2357,42,60,42,72,33,37,44,42,20,80,2,65,78
2358,23,60,42,72,33,37,44,42,20,80,2,65,78
2359,42,16,24,49,33,37,44,42,20,80,2,65,78
2360,23,16,24,49,33,37,44,42,20,80,2,65,78
2361,42,60,24,49,33,37,44,42,20,80,2,65,78
2362,23,60,24,49,33,37,44,42,20,80,2,65,78
2363,42,16,42,49,33,37,44,42,20,80,2,65,78
2364,23,16,42,49,33,37,44,42,20,80,2,65,78
2365,42,60,42,49,33,37,44,42,20,80,2,65,78
2366,23,60,42,49,33,37,44,42,20,80,2,65,78
2367,42,16,24,72,97,36,44,42,20,80,2,65,78
2368,23,16,24,72,97,36,44,42,20,80,2,65,78
2369,42,60,24,72,97,36,44,42,20,80,2,65,78
2370,42,16,42,72,97,36,44,42,20,80,2,65,78
2371,23,16,42,72,97,36,44,42,20,80,2,65,78
2372,42,60,42,72,97,36,44,42,20,80,2,65,78
2373,23,60,42,72,97,36,44,42,20,80,2,65,78
2374,42,16,24,49,97,36,44,42,20,80,2,65,78
2375,23,16,24,49,97,36,44,42,20,80,2,65,78
2376,42,60,24,49,97,36,44,42,20,80,2,65,78
2377,23,60,24,49,97,36,44,42,20,80,2,65,78
2378,42,16,42,49,97,36,44,42,20,80,2,65,78
2379,23,16,42,49,97,36,44,42,20,80,2,65,78
2380,42,60,42,49,97,36,44,42,20,80,2,65,78
2381,23,60,42,49,97,36,44,42,20,80,2,65,78
2382,42,16,24,72,33,36,44,42,20,80,2,65,78
2383,23,16,24,72,33,36,44,42,20,80,2,65,78
2384,42,60,24,72,33,36,44,42,20,80,2,65,78
2385,23,60,24,72,33,36,44,42,20,80,2,65,78
2386,42,16,42,72,33,36,44,42,20,80,2,65,78
2387,23,16,42,72,33,36,44,42,20,80,2,65,78
2388,42,60,42,72,33,36,44,42,20,80,2,65,78
2389,23,60,42,72,33,36,44,42,20,80,2,65,78
2390,42,16,24,49,33,36,44,42,20,80,2,65,78
2391,23,16,24,49,33,36,44,42,20,80,2,65,78
2392,42,60,24,49,33,36,44,42,20,80,2,65,78
2393,23,60,24,49,33,36,44,42,20,80,2,65,78
2394,42,16,42,49,33,36,44,42,20,80,2,65,78
2395,23,16,42,49,33,36,44,42,20,80,2,65,78
2396,42,60,42,49,33,36,44,42,20,80,2,65,78
2397,23,60,42,49,33,36,44,42,20,80,2,65,78
2398,42,16,24,72,97,37,30,42,20,80,2,65,78
2399,42,60,24,72,97,37,30,42,20,80,2,65,78
2400,23,60,24,72,97,37,30,42,20,80,2,65,78
2401,42,16,42,72,97,37,30,42,20,80,2,65,78
2402,23,16,42,72,97,37,30,42,20,80,2,65,78
2403,42,60,42,72,97,37,30,42,20,80,2,65,78
2404,23,60,42,72,97,37,30,42,20,80,2,65,78
2405,42,16,24,49,97,37,30,42,20,80,2,65,78
2406,23,16,24,49,97,37,30,42,20,80,2,65,78
2407,42,60,24,49,97,37,30,42,20,80,2,65,78
2408,23,60,24,49,97,37,30,42,20,80,2,65,78
2409,42,16,42,49,97,37,30,42,20,80,2,65,78
2410,23,16,42,49,97,37,30,42,20,80,2,65,78
2411,42,60,42,49,97,37,30,42,20,80,2,65,78
2412,23,60,42,49,97,37,30,42,20,80,2,65,78
2413,42,16,24,72,33,37,30,42,20,80,2,65,78
2414,23,16,24,72,33,37,30,42,20,80,2,65,78
2415,42,60,24,72,33,37,30,42,20,80,2,65,78
2416,23,60,24,72,33,37,30,42,20,80,2,65,78
2417,42,16,42,72,33,37,30,42,20,80,2,65,78
2418,23,16,42,72,33,37,30,42,20,80,2,65,78
2419,42,60,42,72,33,37,30,42,20,80,2,65,78
2420,23,60,42,72,33,37,30,42,20,80,2,65,78
2421,42,16,24,49,33,37,30,42,20,80,2,65,78
2422,23,16,24,49,33,37,30,42,20,80,2,65,78
2423,42,60,24,49,33,37,30,42,20,80,2,65,78
2424,23,60,24,49,33,37,30,42,20,80,2,65,78
2425,42,16,42,49,33,37,30,42,20,80,2,65,78
2426,23,16,42,49,33,37,30,42,20,80,2,65,78
2427,42,60,42,49,33,37,30,42,20,80,2,65,78
2428,23,60,42,49,33,37,30,42,20,80,2,65,78
2429,42,16,24,72,97,36,30,42,20,80,2,65,78
2430,23,16,24,72,97,36,30,42,20,80,2,65,78
2431,42,60,24,72,97,36,30,42,20,80,2,65,78
2432,23,60,24,72,97,36,30,42,20,80,2,65,78
2433,42,16,42,72,97,36,30,42,20,80,2,65,78
2434,23,16,42,72,97,36,30,42,20,80,2,65,78
2435,42,60,42,72,97,36,30,42,20,80,2,65,78
2436,23,60,42,72,97,36,30,42,20,80,2,65,78
2437,42,16,24,49,97,36,30,42,20,80,2,65,78
2438,23,16,24,49,97,36,30,42,20,80,2,65,78
2439,42,60,24,49,97,36,30,42,20,80,2,65,78
2440,23,60,24,49,97,36,30,42,20,80,2,65,78
2441,42,16,42,49,97,36,30,42,20,80,2,65,78
2442,23,16,42,49,97,36,30,42,20,80,2,65,78
2443,42,60,42,49,97,36,30,42,20,80,2,65,78
2444,23,60,42,49,97,36,30,42,20,80,2,65,78
2445,42,16,24,72,33,36,30,42,20,80,2,65,78
2446,23,16,24,72,33,36,30,42,20,80,2,65,78
2447,42,60,24,72,33,36,30,42,20,80,2,65,78
2448,23,60,24,72,33,36,30,42,20,80,2,65,78
2449,42,16,42,72,33,36,30,42,20,80,2,65,78
2450,23,16,42,72,33,36,30,42,20,80,2,65,78
2451,42,60,42,72,33,36,30,42,20,80,2,65,78
2452,23,60,42,72,33,36,30,42,20,80,2,65,78
2453,42,16,24,49,33,36,30,42,20,80,2,65,78
2454,23,16,24,49,33,36,30,42,20,80,2,65,78
2455,42,60,24,49,33,36,30,42,20,80,2,65,78
2456,23,60,24,49,33,36,30,42,20,80,2,65,78
2457,42,16,42,49,33,36,30,42,20,80,2,65,78
2458,23,16,42,49,33,36,30,42,20,80,2,65,78
2459,42,60,42,49,33,36,30,42,20,80,2,65,78
2460,23,60,42,49,33,36,30,42,20,80,2,65,78
2461,42,16,24,72,97,37,44,78,66,21,2,65,78
2462,23,16,24,72,97,37,44,78,66,21,2,65,78
2463,42,60,24,72,97,37,44,78,66,21,2,65,78
2464,23,60,24,72,97,37,44,78,66,21,2,65,78
2465,42,16,42,72,97,37,44,78,66,21,2,65,78
2466,23,16,42,72,97,37,44,78,66,21,2,65,78
2467,42,60,42,72,97,37,44,78,66,21,2,65,78
2468,23,60,42,72,97,37,44,78,66,21,2,65,78
2469,42,16,24,49,97,37,44,78,66,21,2,65,78
2470,23,16,24,49,97,37,44,78,66,21,2,65,78
2471,42,60,24,49,97,37,44,78,66,21,2,65,78
2472,23,60,24,49,97,37,44,78,66,21,2,65,78
2473,42,16,42,49,97,37,44,78,66,21,2,65,78
2474,23,16,42,49,97,37,44,78,66,21,2,65,78
2475,42,60,42,49,97,37,44,78,66,21,2,65,78
2476,23,60,42,49,97,37,44,78,66,21,2,65,78
2477,42,16,24,72,33,37,44,78,66,21,2,65,78
2478,23,16,24,72,33,37,44,78,66,21,2,65,78
2479,42,60,24,72,33,37,44,78,66,21,2,65,78
2480,23,60,24,72,33,37,44,78,66,21,2,65,78
2481,42,16,42,72,33,37,44,78,66,21,2,65,78
2482,23,16,42,72,33,37,44,78,66,21,2,65,78
2483,42,60,42,72,33,37,44,78,66,21,2,65,78
2484,23,60,42,72,33,37,44,78,66,21,2,65,78
2485,42,16,24,49,33,37,44,78,66,21,2,65,78
2486,23,16,24,49,33,37,44,78,66,21,2,65,78
2487,42,60,24,49,33,37,44,78,66,21,2,65,78
2488,23,60,24,49,33,37,44,78,66,21,2,65,78
2489,42,16,42,49,33,37,44,78,66,21,2,65,78
2490,23,16,42,49,33,37,44,78,66,21,2,65,78
2491,42,60,42,49,33,37,44,78,66,21,2,65,78
2492,23,60,42,49,33,37,44,78,66,21,2,65,78
2493,42,16,24,72,97,36,44,78,66,21,2,65,78
2494,23,16,24,72,97,36,44,78,66,21,2,65,78
2495,23,60,24,72,97,36,44,78,66,21,2,65,78
2496,42,16,42,72,97,36,44,78,66,21,2,65,78
2497,23,16,42,72,97,36,44,78,66,21,2,65,78
2498,42,60,42,72,97,36,44,78,66,21,2,65,78
2499,23,60,42,72,97,36,44,78,66,21,2,65,78
2500,42,16,24,49,97,36,44,78,66,21,2,65,78
2501,23,16,24,49,97,36,44,78,66,21,2,65,78
2502,42,60,24,49,97,36,44,78,66,21,2,65,78
2503,23,60,24,49,97,36,44,78,66,21,2,65,78
2504,42,16,42,49,97,36,44,78,66,21,2,65,78
2505,23,16,42,49,97,36,44,78,66,21,2,65,78
2506,42,60,42,49,97,36,44,78,66,21,2,65,78
2507,23,60,42,49,97,36,44,78,66,21,2,65,78
2508,42,16,24,72,33,36,44,78,66,21,2,65,78
2509,23,16,24,72,33,36,44,78,66,21,2,65,78
2510,42,60,24,72,33,36,44,78,66,21,2,65,78
2511,23,60,24,72,33,36,44,78,66,21,2,65,78
2512,42,16,42,72,33,36,44,78,66,21,2,65,78
2513,23,16,42,72,33,36,44,78,66,21,2,65,78
2514,42,60,42,72,33,36,44,78,66,21,2,65,78
2515,23,60,42,72,33,36,44,78,66,21,2,65,78
2516,42,16,24,49,33,36,44,78,66,21,2,65,78
2517,23,16,24,49,33,36,44,78,66,21,2,65,78
2518,42,60,24,49,33,36,44,78,66,21,2,65,78
2519,23,60,24,49,33,36,44,78,66,21,2,65,78
2520,42,16,42,49,33,36,44,78,66,21,2,65,78
2521,23,16,42,49,33,36,44,78,66,21,2,65,78
2522,42,60,42,49,33,36,44,78,66,21,2,65,78
2523,23,60,42,49,33,36,44,78,66,21,2,65,78
2524,42,16,24,72,97,37,30,78,66,21,2,65,78
2525,23,16,24,72,97,37,30,78,66,21,2,65,78
2526,42,60,24,72,97,37,30,78,66,21,2,65,78
2527,23,60,24,72,97,37,30,78,66,21,2,65,78
2528,42,16,42,72,97,37,30,78,66,21,2,65,78
2529,23,16,42,72,97,37,30,78,66,21,2,65,78
2530,42,60,42,72,97,37,30,78,66,21,2,65,78
2531,23,60,42,72,97,37,30,78,66,21,2,65,78
2532,42,16,24,49,97,37,30,78,66,21,2,65,78
2533,23,16,24,49,97,37,30,78,66,21,2,65,78
2534,42,60,24,49,97,37,30,78,66,21,2,65,78
2535,23,60,24,49,97,37,30,78,66,21,2,65,78
2536,42,16,42,49,97,37,30,78,66,21,2,65,78
2537,23,16,42,49,97,37,30,78,66,21,2,65,78
2538,42,60,42,49,97,37,30,78,66,21,2,65,78
2539,23,60,42,49,97,37,30,78,66,21,2,65,78
2540,42,16,24,72,33,37,30,78,66,21,2,65,78
2541,23,16,24,72,33,37,30,78,66,21,2,65,78
2542,42,60,24,72,33,37,30,78,66,21,2,65,78
2543,23,60,24,72,33,37,30,78,66,21,2,65,78
2544,42,16,42,72,33,37,30,78,66,21,2,65,78
2545,23,16,42,72,33,37,30,78,66,21,2,65,78
2546,42,60,42,72,33,37,30,78,66,21,2,65,78
2547,23,60,42,72,33,37,30,78,66,21,2,65,78
2548,42,16,24,49,33,37,30,78,66,21,2,65,78
2549,23,16,24,49,33,37,30,78,66,21,2,65,78
2550,42,60,24,49,33,37,30,78,66,21,2,65,78
2551,23,60,24,49,33,37,30,78,66,21,2,65,78
2552,42,16,42,49,33,37,30,78,66,21,2,65,78
2553,23,16,42,49,33,37,30,78,66,21,2,65,78
2554,42,60,42,49,33,37,30,78,66,21,2,65,78
2555,23,60,42,49,33,37,30,78,66,21,2,65,78
2556,42,16,24,72,97,36,30,78,66,21,2,65,78
2557,23,16,24,72,97,36,30,78,66,21,2,65,78
2558,42,60,24,72,97,36,30,78,66,21,2,65,78
2559,23,60,24,72,97,36,30,78,66,21,2,65,78
2560,42,16,42,72,97,36,30,78,66,21,2,65,78
2561,23,16,42,72,97,36,30,78,66,21,2,65,78
2562,42,60,42,72,97,36,30,78,66,21,2,65,78
2563,23,60,42,72,97,36,30,78,66,21,2,65,78
2564,42,16,24,49,97,36,30,78,66,21,2,65,78
2565,23,16,24,49,97,36,30,78,66,21,2,65,78
2566,42,60,24,49,97,36,30,78,66,21,2,65,78
2567,23,60,24,49,97,36,30,78,66,21,2,65,78
2568,42,16,42,49,97,36,30,78,66,21,2,65,78
2569,23,16,42,49,97,36,30,78,66,21,2,65,78
2570,42,60,42,49,97,36,30,78,66,21,2,65,78
2571,23,60,42,49,97,36,30,78,66,21,2,65,78
2572,42,16,24,72,33,36,30,78,66,21,2,65,78
2573,23,16,24,72,33,36,30,78,66,21,2,65,78
2574,42,60,24,72,33,36,30,78,66,21,2,65,78
2575,23,60,24,72,33,36,30,78,66,21,2,65,78
2576,42,16,42,72,33,36,30,78,66,21,2,65,78
2577,23,16,42,72,33,36,30,78,66,21,2,65,78
2578,42,60,42,72,33,36,30,78,66,21,2,65,78
2579,23,60,42,72,33,36,30,78,66,21,2,65,78
2580,42,16,24,49,33,36,30,78,66,21,2,65,78
2581,23,16,24,49,33,36,30,78,66,21,2,65,78
2582,42,60,24,49,33,36,30,78,66,21,2,65,78
2583,23,60,24,49,33,36,30,78,66,21,2,65,78
2584,42,16,42,49,33,36,30,78,66,21,2,65,78
2585,23,16,42,49,33,36,30,78,66,21,2,65,78
2586,42,60,42,49,33,36,30,78,66,21,2,65,78
2587,23,60,42,49,33,36,30,78,66,21,2,65,78
2588,42,16,24,72,97,37,44,42,66,21,2,65,78
2589,23,16,24,72,97,37,44,42,66,21,2,65,78
2590,42,60,24,72,97,37,44,42,66,21,2,65,78
2591,23,60,24,72,97,37,44,42,66,21,2,65,78
2592,42,16,42,72,97,37,44,42,66,21,2,65,78
2593,23,16,42,72,97,37,44,42,66,21,2,65,78
2594,42,60,42,72,97,37,44,42,66,21,2,65,78
2595,23,60,42,72,97,37,44,42,66,21,2,65,78
2596,42,16,24,49,97,37,44,42,66,21,2,65,78
2597,23,16,24,49,97,37,44,42,66,21,2,65,78
2598,42,60,24,49,97,37,44,42,66,21,2,65,78
2599,23,60,24,49,97,37,44,42,66,21,2,65,78
2600,42,16,42,49,97,37,44,42,66,21,2,65,78
2601,23,16,42,49,97,37,44,42,66,21,2,65,78
2602,42,60,42,49,97,37,44,42,66,21,2,65,78
2603,23,60,42,49,97,37,44,42,66,21,2,65,78
2604,42,16,24,72,33,37,44,42,66,21,2,65,78
2605,23,16,24,72,33,37,44,42,66,21,2,65,78
2606,42,60,24,72,33,37,44,42,66,21,2,65,78
2607,23,60,24,72,33,37,44,42,66,21,2,65,78
2608,42,16,42,72,33,37,44,42,66,21,2,65,78
2609,23,16,42,72,33,37,44,42,66,21,2,65,78
2610,42,60,42,72,33,37,44,42,66,21,2,65,78
2611,23,60,42,72,33,37,44,42,66,21,2,65,78
2612,42,16,24,49,33,37,44,42,66,21,2,65,78
2613,23,16,24,49,33,37,44,42,66,21,2,65,78
2614,42,60,24,49,33,37,44,42,66,21,2,65,78
2615,23,60,24,49,33,37,44,42,66,21,2,65,78
2616,42,16,42,49,33,37,44,42,66,21,2,65,78
2617,23,16,42,49,33,37,44,42,66,21,2,65,78
2618,42,60,42,49,33,37,44,42,66,21,2,65,78
2619,23,60,42,49,33,37,44,42,66,21,2,65,78
2620,42,16,24,72,97,36,44,42,66,21,2,65,78
2621,23,16,24,72,97,36,44,42,66,21,2,65,78
2622,42,60,24,72,97,36,44,42,66,21,2,65,78
2623,23,60,24,72,97,36,44,42,66,21,2,65,78
2624,42,16,42,72,97,36,44,42,66,21,2,65,78
2625,23,16,42,72,97,36,44,42,66,21,2,65,78
2626,42,60,42,72,97,36,44,42,66,21,2,65,78
2627,23,60,42,72,97,36,44,42,66,21,2,65,78
2628,42,16,24,49,97,36,44,42,66,21,2,65,78
2629,23,16,24,49,97,36,44,42,66,21,2,65,78
2630,42,60,24,49,97,36,44,42,66,21,2,65,78
2631,23,60,24,49,97,36,44,42,66,21,2,65,78
2632,42,16,42,49,97,36,44,42,66,21,2,65,78
2633,23,16,42,49,97,36,44,42,66,21,2,65,78
2634,42,60,42,49,97,36,44,42,66,21,2,65,78
2635,23,60,42,49,97,36,44,42,66,21,2,65,78
2636,42,16,24,72,33,36,44,42,66,21,2,65,78
2637,23,16,24,72,33,36,44,42,66,21,2,65,78
2638,42,60,24,72,33,36,44,42,66,21,2,65,78
2639,23,60,24,72,33,36,44,42,66,21,2,65,78
2640,42,16,42,72,33,36,44,42,66,21,2,65,78
2641,23,16,42,72,33,36,44,42,66,21,2,65,78
2642,42,60,42,72,33,36,44,42,66,21,2,65,78
2643,23,60,42,72,33,36,44,42,66,21,2,65,78
2644,42,16,24,49,33,36,44,42,66,21,2,65,78
2645,23,16,24,49,33,36,44,42,66,21,2,65,78
2646,42,60,24,49,33,36,44,42,66,21,2,65,78
2647,23,60,24,49,33,36,44,42,66,21,2,65,78
2648,42,16,42,49,33,36,44,42,66,21,2,65,78
2649,23,16,42,49,33,36,44,42,66,21,2,65,78
2650,42,60,42,49,33,36,44,42,66,21,2,65,78
2651,23,60,42,49,33,36,44,42,66,21,2,65,78
2652,42,16,24,72,97,37,30,42,66,21,2,65,78
2653,23,16,24,72,97,37,30,42,66,21,2,65,78
2654,42,60,24,72,97,37,30,42,66,21,2,65,78
2655,23,60,24,72,97,37,30,42,66,21,2,65,78
2656,42,16,42,72,97,37,30,42,66,21,2,65,78
2657,23,16,42,72,97,37,30,42,66,21,2,65,78
2658,42,60,42,72,97,37,30,42,66,21,2,65,78
2659,23,60,42,72,97,37,30,42,66,21,2,65,78
2660,42,16,24,49,97,37,30,42,66,21,2,65,78
2661,23,16,24,49,97,37,30,42,66,21,2,65,78
2662,42,60,24,49,97,37,30,42,66,21,2,65,78
2663,23,60,24,49,97,37,30,42,66,21,2,65,78
2664,42,16,42,49,97,37,30,42,66,21,2,65,78
2665,23,16,42,49,97,37,30,42,66,21,2,65,78
2666,42,60,42,49,97,37,30,42,66,21,2,65,78
2667,23,60,42,49,97,37,30,42,66,21,2,65,78
2668,42,16,24,72,33,37,30,42,66,21,2,65,78
2669,23,16,24,72,33,37,30,42,66,21,2,65,78
2670,42,60,24,72,33,37,30,42,66,21,2,65,78
2671,23,60,24,72,33,37,30,42,66,21,2,65,78
2672,42,16,42,72,33,37,30,42,66,21,2,65,78
2673,23,16,42,72,33,37,30,42,66,21,2,65,78
2674,42,60,42,72,33,37,30,42,66,21,2,65,78
2675,23,60,42,72,33,37,30,42,66,21,2,65,78
2676,42,16,24,49,33,37,30,42,66,21,2,65,78
2677,23,16,24,49,33,37,30,42,66,21,2,65,78
2678,42,60,24,49,33,37,30,42,66,21,2,65,78
2679,23,60,24,49,33,37,30,42,66,21,2,65,78
2680,42,16,42,49,33,37,30,42,66,21,2,65,78
2681,23,16,42,49,33,37,30,42,66,21,2,65,78
2682,42,60,42,49,33,37,30,42,66,21,2,65,78
2683,23,60,42,49,33,37,30,42,66,21,2,65,78
2684,42,16,24,72,97,36,30,42,66,21,2,65,78
2685,23,16,24,72,97,36,30,42,66,21,2,65,78
2686,42,60,24,72,97,36,30,42,66,21,2,65,78
2687,23,60,24,72,97,36,30,42,66,21,2,65,78
2688,42,16,42,72,97,36,30,42,66,21,2,65,78
2689,23,16,42,72,97,36,30,42,66,21,2,65,78
2690,42,60,42,72,97,36,30,42,66,21,2,65,78
2691,23,60,42,72,97,36,30,42,66,21,2,65,78
2692,23,16,24,49,97,36,30,42,66,21,2,65,78
2693,42,60,24,49,97,36,30,42,66,21,2,65,78
2694,23,60,24,49,97,36,30,42,66,21,2,65,78
2695,42,16,42,49,97,36,30,42,66,21,2,65,78
2696,23,16,42,49,97,36,30,42,66,21,2,65,78
2697,42,60,42,49,97,36,30,42,66,21,2,65,78
2698,23,60,42,49,97,36,30,42,66,21,2,65,78
2699,42,16,24,72,33,36,30,42,66,21,2,65,78
2700,23,16,24,72,33,36,30,42,66,21,2,65,78
2701,42,60,24,72,33,36,30,42,66,21,2,65,78
2702,23,60,24,72,33,36,30,42,66,21,2,65,78
2703,42,16,42,72,33,36,30,42,66,21,2,65,78
2704,23,16,42,72,33,36,30,42,66,21,2,65,78
2705,42,60,42,72,33,36,30,42,66,21,2,65,78
2706,23,60,42,72,33,36,30,42,66,21,2,65,78
2707,42,16,24,49,33,36,30,42,66,21,2,65,78
2708,23,16,24,49,33,36,30,42,66,21,2,65,78
2709,42,60,24,49,33,36,30,42,66,21,2,65,78
2710,23,60,24,49,33,36,30,42,66,21,2,65,78
2711,42,16,42,49,33,36,30,42,66,21,2,65,78
2712,23,16,42,49,33,36,30,42,66,21,2,65,78
2713,42,60,42,49,33,36,30,42,66,21,2,65,78
2714,23,60,42,49,33,36,30,42,66,21,2,65,78
2715,42,16,24,72,97,37,44,78,20,21,2,65,78
2716,23,16,24,72,97,37,44,78,20,21,2,65,78
2717,42,60,24,72,97,37,44,78,20,21,2,65,78
2718,23,60,24,72,97,37,44,78,20,21,2,65,78
2719,42,16,42,72,97,37,44,78,20,21,2,65,78
2720,23,16,42,72,97,37,44,78,20,21,2,65,78
2721,42,60,42,72,97,37,44,78,20,21,2,65,78
2722,23,60,42,72,97,37,44,78,20,21,2,65,78
2723,42,16,24,49,97,37,44,78,20,21,2,65,78
2724,23,60,24,49,97,37,44,78,20,21,2,65,78
2725,42,16,42,49,97,37,44,78,20,21,2,65,78
2726,23,16,42,49,97,37,44,78,20,21,2,65,78
2727,42,60,42,49,97,37,44,78,20,21,2,65,78
2728,23,60,42,49,97,37,44,78,20,21,2,65,78
2729,42,16,24,72,33,37,44,78,20,21,2,65,78
2730,23,16,24,72,33,37,44,78,20,21,2,65,78
2731,42,60,24,72,33,37,44,78,20,21,2,65,78
2732,23,60,24,72,33,37,44,78,20,21,2,65,78
2733,42,16,42,72,33,37,44,78,20,21,2,65,78
2734,23,16,42,72,33,37,44,78,20,21,2,65,78
2735,42,60,42,72,33,37,44,78,20,21,2,65,78
2736,23,60,42,72,33,37,44,78,20,21,2,65,78
2737,42,16,24,49,33,37,44,78,20,21,2,65,78
2738,23,16,24,49,33,37,44,78,20,21,2,65,78
2739,42,60,24,49,33,37,44,78,20,21,2,65,78
2740,23,60,24,49,33,37,44,78,20,21,2,65,78
2741,42,16,42,49,33,37,44,78,20,21,2,65,78
2742,23,16,42,49,33,37,44,78,20,21,2,65,78
2743,42,60,42,49,33,37,44,78,20,21,2,65,78
2744,23,60,42,49,33,37,44,78,20,21,2,65,78
2745,42,16,24,72,97,36,44,78,20,21,2,65,78
2746,23,16,24,72,97,36,44,78,20,21,2,65,78
2747,42,60,24,72,97,36,44,78,20,21,2,65,78
2748,23,60,24,72,97,36,44,78,20,21,2,65,78
2749,42,16,42,72,97,36,44,78,20,21,2,65,78
2750,23,16,42,72,97,36,44,78,20,21,2,65,78
2751,42,60,42,72,97,36,44,78,20,21,2,65,78
2752,23,60,42,72,97,36,44,78,20,21,2,65,78
2753,42,16,24,49,97,36,44,78,20,21,2,65,78
2754,23,16,24,49,97,36,44,78,20,21,2,65,78
2755,42,60,24,49,97,36,44,78,20,21,2,65,78
2756,23,60,24,49,97,36,44,78,20,21,2,65,78
2757,42,16,42,49,97,36,44,78,20,21,2,65,78
2758,23,16,42,49,97,36,44,78,20,21,2,65,78
2759,42,60,42,49,97,36,44,78,20,21,2,65,78
2760,23,60,42,49,97,36,44,78,20,21,2,65,78
2761,42,16,24,72,33,36,44,78,20,21,2,65,78
2762,23,16,24,72,33,36,44,78,20,21,2,65,78
2763,42,60,24,72,33,36,44,78,20,21,2,65,78
2764,23,60,24,72,33,36,44,78,20,21,2,65,78
2765,42,16,42,72,33,36,44,78,20,21,2,65,78
2766,23,16,42,72,33,36,44,78,20,21,2,65,78
2767,42,60,42,72,33,36,44,78,20,21,2,65,78
2768,23,60,42,72,33,36,44,78,20,21,2,65,78
2769,42,16,24,49,33,36,44,78,20,21,2,65,78
2770,23,16,24,49,33,36,44,78,20,21,2,65,78
2771,42,60,24,49,33,36,44,78,20,21,2,65,78
2772,23,60,24,49,33,36,44,78,20,21,2,65,78
2773,42,16,42,49,33,36,44,78,20,21,2,65,78
2774,23,16,42,49,33,36,44,78,20,21,2,65,78
2775,42,60,42,49,33,36,44,78,20,21,2,65,78
2776,23,60,42,49,33,36,44,78,20,21,2,65,78
2777,42,16,24,72,97,37,30,78,20,21,2,65,78
2778,23,16,24,72,97,37,30,78,20,21,2,65,78
2779,23,60,24,72,97,37,30,78,20,21,2,65,78
2780,42,16,42,72,97,37,30,78,20,21,2,65,78
2781,23,16,42,72,97,37,30,78,20,21,2,65,78
2782,23,60,42,72,97,37,30,78,20,21,2,65,78
2783,42,16,24,49,97,37,30,78,20,21,2,65,78
2784,23,16,24,49,97,37,30,78,20,21,2,65,78
2785,23,60,24,49,97,37,30,78,20,21,2,65,78
2786,42,16,42,49,97,37,30,78,20,21,2,65,78
2787,23,16,42,49,97,37,30,78,20,21,2,65,78
2788,23,60,42,49,97,37,30,78,20,21,2,65,78
2789,42,16,24,72,33,37,30,78,20,21,2,65,78
2790,23,16,24,72,33,37,30,78,20,21,2,65,78
2791,42,60,24,72,33,37,30,78,20,21,2,65,78
2792,23,60,24,72,33,37,30,78,20,21,2,65,78
2793,42,16,42,72,33,37,30,78,20,21,2,65,78
2794,23,16,42,72,33,37,30,78,20,21,2,65,78
2795,42,60,42,72,33,37,30,78,20,21,2,65,78
2796,23,60,42,72,33,37,30,78,20,21,2,65,78
2797,42,16,24,49,33,37,30,78,20,21,2,65,78
2798,23,16,24,49,33,37,30,78,20,21,2,65,78
2799,42,60,24,49,33,37,30,78,20,21,2,65,78
2800,23,60,24,49,33,37,30,78,20,21,2,65,78
2801,42,16,42,49,33,37,30,78,20,21,2,65,78
2802,23,16,42,49,33,37,30,78,20,21,2,65,78
2803,42,60,42,49,33,37,30,78,20,21,2,65,78
2804,23,60,42,49,33,37,30,78,20,21,2,65,78
2805,42,16,24,72,97,36,30,78,20,21,2,65,78
2806,23,16,24,72,97,36,30,78,20,21,2,65,78
2807,42,60,24,72,97,36,30,78,20,21,2,65,78
2808,23,60,24,72,97,36,30,78,20,21,2,65,78
2809,42,16,42,72,97,36,30,78,20,21,2,65,78
2810,23,16,42,72,97,36,30,78,20,21,2,65,78
2811,42,60,42,72,97,36,30,78,20,21,2,65,78
2812,23,60,42,72,97,36,30,78,20,21,2,65,78
2813,42,16,24,49,97,36,30,78,20,21,2,65,78
2814,23,16,24,49,97,36,30,78,20,21,2,65,78
2815,23,60,24,49,97,36,30,78,20,21,2,65,78
2816,42,16,42,49,97,36,30,78,20,21,2,65,78
2817,23,16,42,49,97,36,30,78,20,21,2,65,78
2818,42,60,42,49,97,36,30,78,20,21,2,65,78
2819,23,60,42,49,97,36,30,78,20,21,2,65,78
2820,42,16,24,72,33,36,30,78,20,21,2,65,78
2821,23,16,24,72,33,36,30,78,20,21,2,65,78
2822,42,60,24,72,33,36,30,78,20,21,2,65,78
2823,23,60,24,72,33,36,30,78,20,21,2,65,78
2824,42,16,42,72,33,36,30,78,20,21,2,65,78
2825,23,16,42,72,33,36,30,78,20,21,2,65,78
2826,42,60,42,72,33,36,30,78,20,21,2,65,78
2827,23,60,42,72,33,36,30,78,20,21,2,65,78
2828,42,16,24,49,33,36,30,78,20,21,2,65,78
2829,23,16,24,49,33,36,30,78,20,21,2,65,78
2830,42,60,24,49,33,36,30,78,20,21,2,65,78
2831,23,60,24,49,33,36,30,78,20,21,2,65,78
2832,42,16,42,49,33,36,30,78,20,21,2,65,78
2833,23,16,42,49,33,36,30,78,20,21,2,65,78
2834,42,60,42,49,33,36,30,78,20,21,2,65,78
2835,23,60,42,49,33,36,30,78,20,21,2,65,78
2836,42,16,24,72,97,37,44,42,20,21,2,65,78
2837,23,16,24,72,97,37,44,42,20,21,2,65,78
2838,42,60,24,72,97,37,44,42,20,21,2,65,78
2839,23,60,24,72,97,37,44,42,20,21,2,65,78
2840,42,16,42,72,97,37,44,42,20,21,2,65,78
2841,23,16,42,72,97,37,44,42,20,21,2,65,78
2842,42,60,42,72,97,37,44,42,20,21,2,65,78
2843,23,60,42,72,97,37,44,42,20,21,2,65,78
2844,42,16,24,49,97,37,44,42,20,21,2,65,78
2845,23,16,24,49,97,37,44,42,20,21,2,65,78
2846,42,60,24,49,97,37,44,42,20,21,2,65,78
2847,23,60,24,49,97,37,44,42,20,21,2,65,78
2848,42,16,42,49,97,37,44,42,20,21,2,65,78
2849,23,16,42,49,97,37,44,42,20,21,2,65,78
2850,42,60,42,49,97,37,44,42,20,21,2,65,78
2851,23,60,42,49,97,37,44,42,20,21,2,65,78
2852,42,16,24,72,33,37,44,42,20,21,2,65,78
2853,23,16,24,72,33,37,44,42,20,21,2,65,78
2854,42,60,24,72,33,37,44,42,20,21,2,65,78
2855,23,60,24,72,33,37,44,42,20,21,2,65,78
2856,42,16,42,72,33,37,44,42,20,21,2,65,78
2857,23,16,42,72,33,37,44,42,20,21,2,65,78
2858,42,60,42,72,33,37,44,42,20,21,2,65,78
2859,23,60,42,72,33,37,44,42,20,21,2,65,78
2860,42,16,24,49,33,37,44,42,20,21,2,65,78
2861,23,16,24,49,33,37,44,42,20,21,2,65,78
2862,42,60,24,49,33,37,44,42,20,21,2,65,78
2863,23,60,24,49,33,37,44,42,20,21,2,65,78
2864,42,16,42,49,33,37,44,42,20,21,2,65,78
2865,23,16,42,49,33,37,44,42,20,21,2,65,78
2866,42,60,42,49,33,37,44,42,20,21,2,65,78
2867,23,60,42,49,33,37,44,42,20,21,2,65,78
2868,42,16,24,72,97,36,44,42,20,21,2,65,78
2869,23,16,24,72,97,36,44,42,20,21,2,65,78
2870,42,60,24,72,97,36,44,42,20,21,2,65,78
2871,23,60,24,72,97,36,44,42,20,21,2,65,78
2872,42,16,42,72,97,36,44,42,20,21,2,65,78
2873,23,16,42,72,97,36,44,42,20,21,2,65,78
2874,42,60,42,72,97,36,44,42,20,21,2,65,78
2875,23,60,42,72,97,36,44,42,20,21,2,65,78
2876,42,16,24,49,97,36,44,42,20,21,2,65,78
2877,23,16,24,49,97,36,44,42,20,21,2,65,78
2878,42,60,24,49,97,36,44,42,20,21,2,65,78
2879,23,60,24,49,97,36,44,42,20,21,2,65,78
2880,42,16,42,49,97,36,44,42,20,21,2,65,78
2881,23,16,42,49,97,36,44,42,20,21,2,65,78
2882,42,60,42,49,97,36,44,42,20,21,2,65,78
2883,23,60,42,49,97,36,44,42,20,21,2,65,78
2884,42,16,24,72,33,36,44,42,20,21,2,65,78
2885,23,16,24,72,33,36,44,42,20,21,2,65,78
2886,42,60,24,72,33,36,44,42,20,21,2,65,78
2887,23,60,24,72,33,36,44,42,20,21,2,65,78
2888,42,16,42,72,33,36,44,42,20,21,2,65,78
2889,23,16,42,72,33,36,44,42,20,21,2,65,78
2890,42,60,42,72,33,36,44,42,20,21,2,65,78
2891,23,60,42,72,33,36,44,42,20,21,2,65,78
2892,42,16,24,49,33,36,44,42,20,21,2,65,78
2893,23,16,24,49,33,36,44,42,20,21,2,65,78
2894,42,60,24,49,33,36,44,42,20,21,2,65,78
2895,23,60,24,49,33,36,44,42,20,21,2,65,78
2896,42,16,42,49,33,36,44,42,20,21,2,65,78
2897,23,16,42,49,33,36,44,42,20,21,2,65,78
2898,42,60,42,49,33,36,44,42,20,21,2,65,78
2899,23,60,42,49,33,36,44,42,20,21,2,65,78
2900,23,16,24,72,97,37,30,42,20,21,2,65,78
2901,42,60,24,72,97,37,30,42,20,21,2,65,78
2902,23,60,24,72,97,37,30,42,20,21,2,65,78
2903,42,16,42,72,97,37,30,42,20,21,2,65,78
2904,23,16,42,72,97,37,30,42,20,21,2,65,78
2905,42,60,42,72,97,37,30,42,20,21,2,65,78
2906,23,60,42,72,97,37,30,42,20,21,2,65,78
2907,42,16,24,49,97,37,30,42,20,21,2,65,78
2908,23,16,24,49,97,37,30,42,20,21,2,65,78
2909,42,60,24,49,97,37,30,42,20,21,2,65,78
2910,23,60,24,49,97,37,30,42,20,21,2,65,78
2911,42,16,42,49,97,37,30,42,20,21,2,65,78
2912,23,16,42,49,97,37,30,42,20,21,2,65,78
2913,42,60,42,49,97,37,30,42,20,21,2,65,78
2914,23,60,42,49,97,37,30,42,20,21,2,65,78
2915,42,16,24,72,33,37,30,42,20,21,2,65,78
2916,23,16,24,72,33,37,30,42,20,21,2,65,78
2917,42,60,24,72,33,37,30,42,20,21,2,65,78
2918,23,60,24,72,33,37,30,42,20,21,2,65,78
2919,42,16,42,72,33,37,30,42,20,21,2,65,78
2920,23,16,42,72,33,37,30,42,20,21,2,65,78
2921,23,60,42,72,33,37,30,42,20,21,2,65,78
2922,42,16,24,49,33,37,30,42,20,21,2,65,78
2923,23,16,24,49,33,37,30,42,20,21,2,65,78
2924,42,60,24,49,33,37,30,42,20,21,2,65,78
2925,23,60,24,49,33,37,30,42,20,21,2,65,78
2926,42,16,42,49,33,37,30,42,20,21,2,65,78
2927,23,16,42,49,33,37,30,42,20,21,2,65,78
2928,42,60,42,49,33,37,30,42,20,21,2,65,78
2929,23,60,42,49,33,37,30,42,20,21,2,65,78
2930,42,16,24,72,97,36,30,42,20,21,2,65,78
2931,23,16,24,72,97,36,30,42,20,21,2,65,78
2932,42,60,24,72,97,36,30,42,20,21,2,65,78
2933,23,60,24,72,97,36,30,42,20,21,2,65,78
2934,42,16,42,72,97,36,30,42,20,21,2,65,78
2935,23,16,42,72,97,36,30,42,20,21,2,65,78
2936,42,60,42,72,97,36,30,42,20,21,2,65,78
2937,23,60,42,72,97,36,30,42,20,21,2,65,78
2938,42,16,24,49,97,36,30,42,20,21,2,65,78
2939,23,16,24,49,97,36,30,42,20,21,2,65,78
2940,42,60,24,49,97,36,30,42,20,21,2,65,78
2941,23,60,24,49,97,36,30,42,20,21,2,65,78
2942,42,16,42,49,97,36,30,42,20,21,2,65,78
2943,23,16,42,49,97,36,30,42,20,21,2,65,78
2944,42,60,42,49,97,36,30,42,20,21,2,65,78
2945,23,60,42,49,97,36,30,42,20,21,2,65,78
2946,42,16,24,72,33,36,30,42,20,21,2,65,78
2947,23,16,24,72,33,36,30,42,20,21,2,65,78
2948,42,60,24,72,33,36,30,42,20,21,2,65,78
2949,23,60,24,72,33,36,30,42,20,21,2,65,78
2950,42,16,42,72,33,36,30,42,20,21,2,65,78
2951,23,16,42,72,33,36,30,42,20,21,2,65,78
2952,42,60,42,72,33,36,30,42,20,21,2,65,78
2953,23,60,42,72,33,36,30,42,20,21,2,65,78
2954,42,16,24,49,33,36,30,42,20,21,2,65,78
2955,23,16,24,49,33,36,30,42,20,21,2,65,78
2956,42,60,24,49,33,36,30,42,20,21,2,65,78
2957,23,60,24,49,33,36,30,42,20,21,2,65,78
2958,42,16,42,49,33,36,30,42,20,21,2,65,78
2959,23,16,42,49,33,36,30,42,20,21,2,65,78
2960,42,60,42,49,33,36,30,42,20,21,2,65,78
2961,23,60,42,49,33,36,30,42,20,21,2,65,78
2962,23,16,24,72,97,37,44,78,66,80,59,65,78
2963,42,60,24,72,97,37,44,78,66,80,59,65,78
2964,23,60,24,72,97,37,44,78,66,80,59,65,78
2965,42,16,42,72,97,37,44,78,66,80,59,65,78
2966,23,16,42,72,97,37,44,78,66,80,59,65,78
2967,42,60,42,72,97,37,44,78,66,80,59,65,78
2968,23,60,42,72,97,37,44,78,66,80,59,65,78
2969,42,16,24,49,97,37,44,78,66,80,59,65,78
2970,23,16,24,49,97,37,44,78,66,80,59,65,78
2971,23,60,24,49,97,37,44,78,66,80,59,65,78
2972,42,16,42,49,97,37,44,78,66,80,59,65,78
2973,23,16,42,49,97,37,44,78,66,80,59,65,78
2974,42,60,42,49,97,37,44,78,66,80,59,65,78
2975,23,60,42,49,97,37,44,78,66,80,59,65,78
2976,42,16,24,72,33,37,44,78,66,80,59,65,78
2977,23,16,24,72,33,37,44,78,66,80,59,65,78
2978,42,60,24,72,33,37,44,78,66,80,59,65,78
2979,23,60,24,72,33,37,44,78,66,80,59,65,78
2980,42,16,42,72,33,37,44,78,66,80,59,65,78
2981,23,16,42,72,33,37,44,78,66,80,59,65,78
2982,42,60,42,72,33,37,44,78,66,80,59,65,78
2983,23,60,42,72,33,37,44,78,66,80,59,65,78
2984,42,16,24,49,33,37,44,78,66,80,59,65,78
2985,23,16,24,49,33,37,44,78,66,80,59,65,78
2986,42,60,24,49,33,37,44,78,66,80,59,65,78
2987,23,60,24,49,33,37,44,78,66,80,59,65,78
2988,42,16,42,49,33,37,44,78,66,80,59,65,78
2989,23,16,42,49,33,37,44,78,66,80,59,65,78
2990,42,60,42,49,33,37,44,78,66,80,59,65,78
2991,23,60,42,49,33,37,44,78,66,80,59,65,78
2992,42,16,24,72,97,36,44,78,66,80,59,65,78
2993,23,16,24,72,97,36,44,78,66,80,59,65,78
2994,42,60,24,72,97,36,44,78,66,80,59,65,78
2995,23,60,24,72,97,36,44,78,66,80,59,65,78
2996,42,16,42,72,97,36,44,78,66,80,59,65,78
2997,23,16,42,72,97,36,44,78,66,80,59,65,78
2998,23,60,42,72,97,36,44,78,66,80,59,65,78
2999,42,16,24,49,97,36,44,78,66,80,59,65,78
3000,23,16,24,49,97,36,44,78,66,80,59,65,78
3001,42,60,24,49,97,36,44,78,66,80,59,65,78
3002,23,60,24,49,97,36,44,78,66,80,59,65,78
3003,42,16,42,49,97,36,44,78,66,80,59,65,78
3004,23,16,42,49,97,36,44,78,66,80,59,65,78
3005,42,60,42,49,97,36,44,78,66,80,59,65,78
3006,23,60,42,49,97,36,44,78,66,80,59,65,78
3007,42,16,24,72,33,36,44,78,66,80,59,65,78
3008,23,16,24,72,33,36,44,78,66,80,59,65,78
3009,42,60,24,72,33,36,44,78,66,80,59,65,78
3010,23,60,24,72,33,36,44,78,66,80,59,65,78
3011,42,16,42,72,33,36,44,78,66,80,59,65,78
3012,23,16,42,72,33,36,44,78,66,80,59,65,78
3013,42,60,42,72,33,36,44,78,66,80,59,65,78
3014,23,60,42,72,33,36,44,78,66,80,59,65,78
3015,42,16,24,49,33,36,44,78,66,80,59,65,78
3016,23,16,24,49,33,36,44,78,66,80,59,65,78
3017,42,60,24,49,33,36,44,78,66,80,59,65,78
3018,23,60,24,49,33,36,44,78,66,80,59,65,78
3019,42,16,42,49,33,36,44,78,66,80,59,65,78
3020,23,16,42,49,33,36,44,78,66,80,59,65,78
3021,23,60,42,49,33,36,44,78,66,80,59,65,78
3022,42,16,24,72,97,37,30,78,66,80,59,65,78
3023,23,16,24,72,97,37,30,78,66,80,59,65,78
3024,42,16,42,72,97,37,30,78,66,80,59,65,78
3025,23,16,42,72,97,37,30,78,66,80,59,65,78
3026,42,60,42,72,97,37,30,78,66,80,59,65,78
3027,23,60,42,72,97,37,30,78,66,80,59,65,78
3028,42,16,24,49,97,37,30,78,66,80,59,65,78
3029,23,16,24,49,97,37,30,78,66,80,59,65,78
3030,42,60,24,49,97,37,30,78,66,80,59,65,78
3031,23,60,24,49,97,37,30,78,66,80,59,65,78
3032,42,16,42,49,97,37,30,78,66,80,59,65,78
3033,23,16,42,49,97,37,30,78,66,80,59,65,78
3034,23,60,42,49,97,37,30,78,66,80,59,65,78
3035,42,16,24,72,33,37,30,78,66,80,59,65,78
3036,23,16,24,72,33,37,30,78,66,80,59,65,78
3037,42,60,24,72,33,37,30,78,66,80,59,65,78
3038,23,60,24,72,33,37,30,78,66,80,59,65,78
3039,42,16,42,72,33,37,30,78,66,80,59,65,78
3040,23,16,42,72,33,37,30,78,66,80,59,65,78
3041,42,60,42,72,33,37,30,78,66,80,59,65,78
3042,23,60,42,72,33,37,30,78,66,80,59,65,78
3043,42,16,24,49,33,37,30,78,66,80,59,65,78
3044,23,16,24,49,33,37,30,78,66,80,59,65,78
3045,23,60,24,49,33,37,30,78,66,80,59,65,78
3046,42,16,42,49,33,37,30,78,66,80,59,65,78
3047,23,16,42,49,33,37,30,78,66,80,59,65,78
3048,42,60,42,49,33,37,30,78,66,80,59,65,78
3049,23,60,42,49,33,37,30,78,66,80,59,65,78
3050,42,16,24,72,97,36,30,78,66,80,59,65,78
3051,23,16,24,72,97,36,30,78,66,80,59,65,78
3052,42,60,24,72,97,36,30,78,66,80,59,65,78
3053,42,16,42,72,97,36,30,78,66,80,59,65,78
3054,23,16,42,72,97,36,30,78,66,80,59,65,78
3055,42,60,42,72,97,36,30,78,66,80,59,65,78
3056,23,60,42,72,97,36,30,78,66,80,59,65,78
3057,23,16,24,49,97,36,30,78,66,80,59,65,78
3058,42,60,24,49,97,36,30,78,66,80,59,65,78
3059,23,60,24,49,97,36,30,78,66,80,59,65,78
3060,42,16,42,49,97,36,30,78,66,80,59,65,78
3061,23,16,42,49,97,36,30,78,66,80,59,65,78
3062,42,60,42,49,97,36,30,78,66,80,59,65,78
3063,23,60,42,49,97,36,30,78,66,80,59,65,78
3064,42,16,24,72,33,36,30,78,66,80,59,65,78
3065,23,16,24,72,33,36,30,78,66,80,59,65,78
3066,42,60,24,72,33,36,30,78,66,80,59,65,78
3067,23,60,24,72,33,36,30,78,66,80,59,65,78
3068,42,16,42,72,33,36,30,78,66,80,59,65,78
3069,23,16,42,72,33,36,30,78,66,80,59,65,78
3070,42,60,42,72,33,36,30,78,66,80,59,65,78
3071,23,60,42,72,33,36,30,78,66,80,59,65,78
3072,42,16,24,49,33,36,30,78,66,80,59,65,78
3073,23,16,24,49,33,36,30,78,66,80,59,65,78
3074,23,60,24,49,33,36,30,78,66,80,59,65,78
3075,42,16,42,49,33,36,30,78,66,80,59,65,78
3076,23,16,42,49,33,36,30,78,66,80,59,65,78
3077,42,60,42,49,33,36,30,78,66,80,59,65,78
3078,42,16,24,72,97,37,44,42,66,80,59,65,78
3079,23,16,24,72,97,37,44,42,66,80,59,65,78
3080,42,60,24,72,97,37,44,42,66,80,59,65,78
3081,23,60,24,72,97,37,44,42,66,80,59,65,78
3082,42,16,42,72,97,37,44,42,66,80,59,65,78
3083,23,16,42,72,97,37,44,42,66,80,59,65,78
3084,42,60,42,72,97,37,44,42,66,80,59,65,78
3085,23,60,42,72,97,37,44,42,66,80,59,65,78
3086,42,16,24,49,97,37,44,42,66,80,59,65,78
3087,23,16,24,49,97,37,44,42,66,80,59,65,78
3088,42,60,24,49,97,37,44,42,66,80,59,65,78
3089,23,60,24,49,97,37,44,42,66,80,59,65,78
3090,42,16,42,49,97,37,44,42,66,80,59,65,78
3091,42,60,42,49,97,37,44,42,66,80,59,65,78
3092,23,60,42,49,97,37,44,42,66,80,59,65,78
3093,42,16,24,72,33,37,44,42,66,80,59,65,78
3094,23,16,24,72,33,37,44,42,66,80,59,65,78
3095,42,60,24,72,33,37,44,42,66,80,59,65,78
3096,23,60,24,72,33,37,44,42,66,80,59,65,78
3097,42,16,42,72,33,37,44,42,66,80,59,65,78
3098,23,16,42,72,33,37,44,42,66,80,59,65,78
3099,42,60,42,72,33,37,44,42,66,80,59,65,78
3100,23,60,42,72,33,37,44,42,66,80,59,65,78
3101,42,16,24,49,33,37,44,42,66,80,59,65,78
3102,23,16,24,49,33,37,44,42,66,80,59,65,78
3103,42,60,24,49,33,37,44,42,66,80,59,65,78
3104,23,60,24,49,33,37,44,42,66,80,59,65,78
3105,42,16,42,49,33,37,44,42,66,80,59,65,78
3106,23,16,42,49,33,37,44,42,66,80,59,65,78
3107,42,60,42,49,33,37,44,42,66,80,59,65,78
3108,23,60,42,49,33,37,44,42,66,80,59,65,78
3109,42,16,24,72,97,36,44,42,66,80,59,65,78
3110,23,16,24,72,97,36,44,42,66,80,59,65,78
3111,42,60,24,72,97,36,44,42,66,80,59,65,78
3112,23,60,24,72,97,36,44,42,66,80,59,65,78
3113,42,16,42,72,97,36,44,42,66,80,59,65,78
3114,23,16,42,72,97,36,44,42,66,80,59,65,78
3115,42,60,42,72,97,36,44,42,66,80,59,65,78
3116,23,60,42,72,97,36,44,42,66,80,59,65,78
3117,42,16,24,49,97,36,44,42,66,80,59,65,78
3118,23,16,24,49,97,36,44,42,66,80,59,65,78
3119,42,60,24,49,97,36,44,42,66,80,59,65,78
3120,23,60,24,49,97,36,44,42,66,80,59,65,78
3121,42,16,42,49,97,36,44,42,66,80,59,65,78
3122,23,16,42,49,97,36,44,42,66,80,59,65,78
3123,42,60,42,49,97,36,44,42,66,80,59,65,78
3124,23,60,42,49,97,36,44,42,66,80,59,65,78
3125,42,16,24,72,33,36,44,42,66,80,59,65,78
3126,23,16,24,72,33,36,44,42,66,80,59,65,78
3127,42,60,24,72,33,36,44,42,66,80,59,65,78
3128,23,60,24,72,33,36,44,42,66,80,59,65,78
3129,42,16,42,72,33,36,44,42,66,80,59,65,78
3130,23,16,42,72,33,36,44,42,66,80,59,65,78
3131,42,60,42,72,33,36,44,42,66,80,59,65,78
3132,23,60,42,72,33,36,44,42,66,80,59,65,78
3133,42,16,24,49,33,36,44,42,66,80,59,65,78
3134,23,16,24,49,33,36,44,42,66,80,59,65,78
3135,42,60,24,49,33,36,44,42,66,80,59,65,78
3136,23,60,24,49,33,36,44,42,66,80,59,65,78
3137,42,16,42,49,33,36,44,42,66,80,59,65,78
3138,23,16,42,49,33,36,44,42,66,80,59,65,78
3139,42,60,42,49,33,36,44,42,66,80,59,65,78
3140,23,60,42,49,33,36,44,42,66,80,59,65,78
3141,42,16,24,72,97,37,30,42,66,80,59,65,78
3142,23,16,24,72,97,37,30,42,66,80,59,65,78
3143,42,60,24,72,97,37,30,42,66,80,59,65,78
3144,42,16,42,72,97,37,30,42,66,80,59,65,78
3145,23,16,42,72,97,37,30,42,66,80,59,65,78
3146,42,60,42,72,97,37,30,42,66,80,59,65,78
3147,23,60,42,72,97,37,30,42,66,80,59,65,78
3148,42,16,24,49,97,37,30,42,66,80,59,65,78
3149,23,60,24,49,97,37,30,42,66,80,59,65,78
3150,42,16,42,49,97,37,30,42,66,80,59,65,78
3151,23,16,42,49,97,37,30,42,66,80,59,65,78
3152,42,60,42,49,97,37,30,42,66,80,59,65,78
3153,23,60,42,49,97,37,30,42,66,80,59,65,78
3154,42,16,24,72,33,37,30,42,66,80,59,65,78
3155,23,16,24,72,33,37,30,42,66,80,59,65,78
3156,42,60,24,72,33,37,30,42,66,80,59,65,78
3157,23,60,24,72,33,37,30,42,66,80,59,65,78
3158,42,16,42,72,33,37,30,42,66,80,59,65,78
3159,23,16,42,72,33,37,30,42,66,80,59,65,78
3160,42,60,42,72,33,37,30,42,66,80,59,65,78
3161,23,60,42,72,33,37,30,42,66,80,59,65,78
3162,42,16,24,49,33,37,30,42,66,80,59,65,78
3163,23,16,24,49,33,37,30,42,66,80,59,65,78
3164,42,60,24,49,33,37,30,42,66,80,59,65,78
3165,23,60,24,49,33,37,30,42,66,80,59,65,78
3166,42,16,42,49,33,37,30,42,66,80,59,65,78
3167,23,16,42,49,33,37,30,42,66,80,59,65,78
3168,42,60,42,49,33,37,30,42,66,80,59,65,78
3169,23,60,42,49,33,37,30,42,66,80,59,65,78
3170,42,16,24,72,97,36,30,42,66,80,59,65,78
3171,23,16,24,72,97,36,30,42,66,80,59,65,78
3172,42,60,24,72,97,36,30,42,66,80,59,65,78
3173,23,60,24,72,97,36,30,42,66,80,59,65,78
3174,42,16,42,72,97,36,30,42,66,80,59,65,78
3175,23,16,42,72,97,36,30,42,66,80,59,65,78
3176,42,60,42,72,97,36,30,42,66,80,59,65,78
3177,23,60,42,72,97,36,30,42,66,80,59,65,78
3178,42,16,24,49,97,36,30,42,66,80,59,65,78
3179,23,16,24,49,97,36,30,42,66,80,59,65,78
3180,42,60,24,49,97,36,30,42,66,80,59,65,78
3181,23,60,24,49,97,36,30,42,66,80,59,65,78
3182,42,16,42,49,97,36,30,42,66,80,59,65,78
3183,23,16,42,49,97,36,30,42,66,80,59,65,78
3184,42,60,42,49,97,36,30,42,66,80,59,65,78
3185,23,60,42,49,97,36,30,42,66,80,59,65,78
3186,42,16,24,72,33,36,30,42,66,80,59,65,78
3187,23,16,24,72,33,36,30,42,66,80,59,65,78
3188,42,60,24,72,33,36,30,42,66,80,59,65,78
3189,23,60,24,72,33,36,30,42,66,80,59,65,78
3190,42,16,42,72,33,36,30,42,66,80,59,65,78
3191,23,16,42,72,33,36,30,42,66,80,59,65,78
3192,42,60,42,72,33,36,30,42,66,80,59,65,78
3193,23,60,42,72,33,36,30,42,66,80,59,65,78
3194,42,16,24,49,33,36,30,42,66,80,59,65,78
3195,23,16,24,49,33,36,30,42,66,80,59,65,78
3196,23,60,24,49,33,36,30,42,66,80,59,65,78
3197,42,16,42,49,33,36,30,42,66,80,59,65,78
3198,23,16,42,49,33,36,30,42,66,80,59,65,78
3199,42,60,42,49,33,36,30,42,66,80,59,65,78
3200,23,60,42,49,33,36,30,42,66,80,59,65,78
3201,42,16,24,72,97,37,44,78,20,80,59,65,78
3202,23,16,24,72,97,37,44,78,20,80,59,65,78
3203,23,60,24,72,97,37,44,78,20,80,59,65,78
3204,42,16,42,72,97,37,44,78,20,80,59,65,78
3205,23,16,42,72,97,37,44,78,20,80,59,65,78
3206,42,60,42,72,97,37,44,78,20,80,59,65,78
3207,23,60,42,72,97,37,44,78,20,80,59,65,78
3208,23,16,24,49,97,37,44,78,20,80,59,65,78
3209,42,60,24,49,97,37,44,78,20,80,59,65,78
3210,23,60,24,49,97,37,44,78,20,80,59,65,78
3211,42,16,42,49,97,37,44,78,20,80,59,65,78
3212,23,16,42,49,97,37,44,78,20,80,59,65,78
3213,42,60,42,49,97,37,44,78,20,80,59,65,78
3214,23,60,42,49,97,37,44,78,20,80,59,65,78
3215,42,16,24,72,33,37,44,78,20,80,59,65,78
3216,23,16,24,72,33,37,44,78,20,80,59,65,78
3217,42,60,24,72,33,37,44,78,20,80,59,65,78
3218,23,60,24,72,33,37,44,78,20,80,59,65,78
3219,42,16,42,72,33,37,44,78,20,80,59,65,78
3220,23,16,42,72,33,37,44,78,20,80,59,65,78
3221,42,60,42,72,33,37,44,78,20,80,59,65,78
3222,23,60,42,72,33,37,44,78,20,80,59,65,78
3223,23,16,24,49,33,37,44,78,20,80,59,65,78
3224,42,60,24,49,33,37,44,78,20,80,59,65,78
3225,23,60,24,49,33,37,44,78,20,80,59,65,78
3226,42,16,42,49,33,37,44,78,20,80,59,65,78
3227,23,16,42,49,33,37,44,78,20,80,59,65,78
3228,42,60,42,49,33,37,44,78,20,80,59,65,78
3229,23,60,42,49,33,37,44,78,20,80,59,65,78
3230,42,16,24,72,97,36,44,78,20,80,59,65,78
3231,23,16,24,72,97,36,44,78,20,80,59,65,78
3232,42,60,24,72,97,36,44,78,20,80,59,65,78
3233,42,16,42,72,97,36,44,78,20,80,59,65,78
3234,23,16,42,72,97,36,44,78,20,80,59,65,78
3235,42,60,42,72,97,36,44,78,20,80,59,65,78
3236,23,60,42,72,97,36,44,78,20,80,59,65,78
3237,42,16,24,49,97,36,44,78,20,80,59,65,78
3238,23,16,24,49,97,36,44,78,20,80,59,65,78
3239,23,60,24,49,97,36,44,78,20,80,59,65,78
3240,42,16,42,49,97,36,44,78,20,80,59,65,78
3241,23,16,42,49,97,36,44,78,20,80,59,65,78
3242,42,60,42,49,97,36,44,78,20,80,59,65,78
3243,23,60,42,49,97,36,44,78,20,80,59,65,78
3244,42,16,24,72,33,36,44,78,20,80,59,65,78
3245,23,16,24,72,33,36,44,78,20,80,59,65,78
3246,42,60,24,72,33,36,44,78,20,80,59,65,78
3247,23,60,24,72,33,36,44,78,20,80,59,65,78
3248,42,16,42,72,33,36,44,78,20,80,59,65,78
3249,23,16,42,72,33,36,44,78,20,80,59,65,78
3250,42,60,42,72,33,36,44,78,20,80,59,65,78
3251,23,60,42,72,33,36,44,78,20,80,59,65,78
3252,42,16,24,49,33,36,44,78,20,80,59,65,78
3253,23,16,24,49,33,36,44,78,20,80,59,65,78
3254,23,60,24,49,33,36,44,78,20,80,59,65,78
3255,42,16,42,49,33,36,44,78,20,80,59,65,78
3256,23,16,42,49,33,36,44,78,20,80,59,65,78
3257,42,60,42,49,33,36,44,78,20,80,59,65,78
3258,23,60,42,49,33,36,44,78,20,80,59,65,78
3259,42,16,24,72,97,37,30,78,20,80,59,65,78
3260,23,16,24,72,97,37,30,78,20,80,59,65,78
3261,42,60,24,72,97,37,30,78,20,80,59,65,78
3262,23,60,24,72,97,37,30,78,20,80,59,65,78
3263,42,16,42,72,97,37,30,78,20,80,59,65,78
3264,23,16,42,72,97,37,30,78,20,80,59,65,78
3265,42,60,42,72,97,37,30,78,20,80,59,65,78
3266,23,60,42,72,97,37,30,78,20,80,59,65,78
3267,42,16,24,49,97,37,30,78,20,80,59,65,78
3268,23,16,24,49,97,37,30,78,20,80,59,65,78
3269,42,60,24,49,97,37,30,78,20,80,59,65,78
3270,23,60,24,49,97,37,30,78,20,80,59,65,78
3271,42,16,42,49,97,37,30,78,20,80,59,65,78
3272,23,16,42,49,97,37,30,78,20,80,59,65,78
3273,42,60,42,49,97,37,30,78,20,80,59,65,78
3274,23,60,42,49,97,37,30,78,20,80,59,65,78
3275,42,16,24,72,33,37,30,78,20,80,59,65,78
3276,23,16,24,72,33,37,30,78,20,80,59,65,78
3277,42,60,24,72,33,37,30,78,20,80,59,65,78
3278,23,60,24,72,33,37,30,78,20,80,59,65,78
3279,42,16,42,72,33,37,30,78,20,80,59,65,78
3280,23,16,42,72,33,37,30,78,20,80,59,65,78
3281,42,60,42,72,33,37,30,78,20,80,59,65,78
3282,23,60,42,72,33,37,30,78,20,80,59,65,78
3283,23,16,24,49,33,37,30,78,20,80,59,65,78
3284,42,60,24,49,33,37,30,78,20,80,59,65,78
3285,23,60,24,49,33,37,30,78,20,80,59,65,78
3286,42,16,42,49,33,37,30,78,20,80,59,65,78
3287,23,16,42,49,33,37,30,78,20,80,59,65,78
3288,42,60,42,49,33,37,30,78,20,80,59,65,78
3289,23,60,42,49,33,37,30,78,20,80,59,65,78
3290,42,16,24,72,97,36,30,78,20,80,59,65,78
3291,23,16,24,72,97,36,30,78,20,80,59,65,78
3292,42,60,24,72,97,36,30,78,20,80,59,65,78
3293,23,60,24,72,97,36,30,78,20,80,59,65,78
3294,42,16,42,72,97,36,30,78,20,80,59,65,78
3295,23,16,42,72,97,36,30,78,20,80,59,65,78
3296,42,60,42,72,97,36,30,78,20,80,59,65,78
3297,23,60,42,72,97,36,30,78,20,80,59,65,78
3298,42,16,24,49,97,36,30,78,20,80,59,65,78
3299,23,16,24,49,97,36,30,78,20,80,59,65,78
3300,42,60,24,49,97,36,30,78,20,80,59,65,78
3301,23,60,24,49,97,36,30,78,20,80,59,65,78
3302,42,16,42,49,97,36,30,78,20,80,59,65,78
3303,23,16,42,49,97,36,30,78,20,80,59,65,78
3304,42,60,42,49,97,36,30,78,20,80,59,65,78
3305,23,60,42,49,97,36,30,78,20,80,59,65,78
3306,23,16,24,72,33,36,30,78,20,80,59,65,78
3307,42,60,24,72,33,36,30,78,20,80,59,65,78
3308,23,60,24,72,33,36,30,78,20,80,59,65,78
3309,42,16,42,72,33,36,30,78,20,80,59,65,78
3310,23,16,42,72,33,36,30,78,20,80,59,65,78
3311,42,60,42,72,33,36,30,78,20,80,59,65,78
3312,23,60,42,72,33,36,30,78,20,80,59,65,78
3313,42,16,24,49,33,36,30,78,20,80,59,65,78
3314,23,16,24,49,33,36,30,78,20,80,59,65,78
3315,42,60,24,49,33,36,30,78,20,80,59,65,78
3316,23,60,24,49,33,36,30,78,20,80,59,65,78
3317,42,16,42,49,33,36,30,78,20,80,59,65,78
3318,23,16,42,49,33,36,30,78,20,80,59,65,78
3319,42,60,42,49,33,36,30,78,20,80,59,65,78
3320,23,60,42,49,33,36,30,78,20,80,59,65,78
3321,42,16,24,72,97,37,44,42,20,80,59,65,78
3322,23,16,24,72,97,37,44,42,20,80,59,65,78
3323,42,60,24,72,97,37,44,42,20,80,59,65,78
3324,23,60,24,72,97,37,44,42,20,80,59,65,78
3325,42,16,42,72,97,37,44,42,20,80,59,65,78
3326,23,16,42,72,97,37,44,42,20,80,59,65,78
3327,42,60,42,72,97,37,44,42,20,80,59,65,78
3328,23,60,42,72,97,37,44,42,20,80,59,65,78
3329,42,16,24,49,97,37,44,42,20,80,59,65,78
3330,23,16,24,49,97,37,44,42,20,80,59,65,78
3331,42,60,24,49,97,37,44,42,20,80,59,65,78
3332,23,60,24,49,97,37,44,42,20,80,59,65,78
3333,42,16,42,49,97,37,44,42,20,80,59,65,78
3334,23,16,42,49,97,37,44,42,20,80,59,65,78
3335,42,60,42,49,97,37,44,42,20,80,59,65,78
3336,23,60,42,49,97,37,44,42,20,80,59,65,78
3337,42,16,24,72,33,37,44,42,20,80,59,65,78
3338,23,16,24,72,33,37,44,42,20,80,59,65,78
3339,42,60,24,72,33,37,44,42,20,80,59,65,78
3340,23,60,24,72,33,37,44,42,20,80,59,65,78
3341,42,16,42,72,33,37,44,42,20,80,59,65,78
3342,23,16,42,72,33,37,44,42,20,80,59,65,78
3343,42,60,42,72,33,37,44,42,20,80,59,65,78
3344,23,60,42,72,33,37,44,42,20,80,59,65,78
3345,42,16,24,49,33,37,44,42,20,80,59,65,78
3346,23,16,24,49,33,37,44,42,20,80,59,65,78
3347,42,60,24,49,33,37,44,42,20,80,59,65,78
3348,23,60,24,49,33,37,44,42,20,80,59,65,78
3349,42,16,42,49,33,37,44,42,20,80,59,65,78
3350,23,16,42,49,33,37,44,42,20,80,59,65,78
3351,42,60,42,49,33,37,44,42,20,80,59,65,78
3352,23,60,42,49,33,37,44,42,20,80,59,65,78
3353,42,16,24,72,97,36,44,42,20,80,59,65,78
3354,23,16,24,72,97,36,44,42,20,80,59,65,78
3355,42,60,24,72,97,36,44,42,20,80,59,65,78
3356,23,60,24,72,97,36,44,42,20,80,59,65,78
3357,42,16,42,72,97,36,44,42,20,80,59,65,78
3358,23,16,42,72,97,36,44,42,20,80,59,65,78
3359,42,60,42,72,97,36,44,42,20,80,59,65,78
3360,23,60,42,72,97,36,44,42,20,80,59,65,78
3361,42,16,24,49,97,36,44,42,20,80,59,65,78
3362,23,16,24,49,97,36,44,42,20,80,59,65,78
3363,42,60,24,49,97,36,44,42,20,80,59,65,78
3364,23,60,24,49,97,36,44,42,20,80,59,65,78
3365,42,16,42,49,97,36,44,42,20,80,59,65,78
3366,23,16,42,49,97,36,44,42,20,80,59,65,78
3367,42,60,42,49,97,36,44,42,20,80,59,65,78
3368,23,60,42,49,97,36,44,42,20,80,59,65,78
3369,42,16,24,72,33,36,44,42,20,80,59,65,78
3370,23,16,24,72,33,36,44,42,20,80,59,65,78
3371,42,60,24,72,33,36,44,42,20,80,59,65,78
3372,23,60,24,72,33,36,44,42,20,80,59,65,78
3373,42,16,42,72,33,36,44,42,20,80,59,65,78
3374,23,16,42,72,33,36,44,42,20,80,59,65,78
3375,42,60,42,72,33,36,44,42,20,80,59,65,78
3376,23,60,42,72,33,36,44,42,20,80,59,65,78
3377,42,16,24,49,33,36,44,42,20,80,59,65,78
3378,23,16,24,49,33,36,44,42,20,80,59,65,78
3379,42,60,24,49,33,36,44,42,20,80,59,65,78
3380,23,60,24,49,33,36,44,42,20,80,59,65,78
3381,42,16,42,49,33,36,44,42,20,80,59,65,78
3382,23,16,42,49,33,36,44,42,20,80,59,65,78
3383,42,60,42,49,33,36,44,42,20,80,59,65,78
3384,23,60,42,49,33,36,44,42,20,80,59,65,78
3385,42,16,24,72,97,37,30,42,20,80,59,65,78
3386,23,16,24,72,97,37,30,42,20,80,59,65,78
3387,42,60,24,72,97,37,30,42,20,80,59,65,78
3388,23,60,24,72,97,37,30,42,20,80,59,65,78
3389,42,16,42,72,97,37,30,42,20,80,59,65,78
3390,23,16,42,72,97,37,30,42,20,80,59,65,78
3391,42,60,42,72,97,37,30,42,20,80,59,65,78
3392,23,60,42,72,97,37,30,42,20,80,59,65,78
3393,42,16,24,49,97,37,30,42,20,80,59,65,78
3394,23,16,24,49,97,37,30,42,20,80,59,65,78
3395,42,60,24,49,97,37,30,42,20,80,59,65,78
3396,23,60,24,49,97,37,30,42,20,80,59,65,78
3397,42,16,42,49,97,37,30,42,20,80,59,65,78
3398,23,16,42,49,97,37,30,42,20,80,59,65,78
3399,42,60,42,49,97,37,30,42,20,80,59,65,78
3400,23,60,42,49,97,37,30,42,20,80,59,65,78
3401,42,16,24,72,33,37,30,42,20,80,59,65,78
3402,23,16,24,72,33,37,30,42,20,80,59,65,78
3403,42,60,24,72,33,37,30,42,20,80,59,65,78
3404,23,60,24,72,33,37,30,42,20,80,59,65,78
3405,42,16,42,72,33,37,30,42,20,80,59,65,78
3406,23,16,42,72,33,37,30,42,20,80,59,65,78
3407,42,60,42,72,33,37,30,42,20,80,59,65,78
3408,23,60,42,72,33,37,30,42,20,80,59,65,78
3409,42,16,24,49,33,37,30,42,20,80,59,65,78
3410,23,16,24,49,33,37,30,42,20,80,59,65,78
3411,42,60,24,49,33,37,30,42,20,80,59,65,78
3412,23,60,24,49,33,37,30,42,20,80,59,65,78
3413,42,16,42,49,33,37,30,42,20,80,59,65,78
3414,23,16,42,49,33,37,30,42,20,80,59,65,78
3415,42,60,42,49,33,37,30,42,20,80,59,65,78
3416,23,60,42,49,33,37,30,42,20,80,59,65,78
3417,42,16,24,72,97,36,30,42,20,80,59,65,78
3418,23,16,24,72,97,36,30,42,20,80,59,65,78
3419,23,60,24,72,97,36,30,42,20,80,59,65,78
3420,42,16,42,72,97,36,30,42,20,80,59,65,78
3421,23,16,42,72,97,36,30,42,20,80,59,65,78
3422,42,60,42,72,97,36,30,42,20,80,59,65,78
3423,23,60,42,72,97,36,30,42,20,80,59,65,78
3424,42,16,24,49,97,36,30,42,20,80,59,65,78
3425,23,16,24,49,97,36,30,42,20,80,59,65,78
3426,42,60,24,49,97,36,30,42,20,80,59,65,78
3427,23,60,24,49,97,36,30,42,20,80,59,65,78
3428,42,16,42,49,97,36,30,42,20,80,59,65,78
3429,23,16,42,49,97,36,30,42,20,80,59,65,78
3430,42,60,42,49,97,36,30,42,20,80,59,65,78
3431,23,60,42,49,97,36,30,42,20,80,59,65,78
3432,42,16,24,72,33,36,30,42,20,80,59,65,78
3433,23,16,24,72,33,36,30,42,20,80,59,65,78
3434,42,60,24,72,33,36,30,42,20,80,59,65,78
3435,23,60,24,72,33,36,30,42,20,80,59,65,78
3436,42,16,42,72,33,36,30,42,20,80,59,65,78
3437,23,16,42,72,33,36,30,42,20,80,59,65,78
3438,42,60,42,72,33,36,30,42,20,80,59,65,78
3439,23,60,42,72,33,36,30,42,20,80,59,65,78
3440,42,16,24,49,33,36,30,42,20,80,59,65,78
3441,23,16,24,49,33,36,30,42,20,80,59,65,78
3442,42,60,24,49,33,36,30,42,20,80,59,65,78
3443,23,60,24,49,33,36,30,42,20,80,59,65,78
3444,42,16,42,49,33,36,30,42,20,80,59,65,78
3445,23,16,42,49,33,36,30,42,20,80,59,65,78
3446,42,60,42,49,33,36,30,42,20,80,59,65,78
3447,23,60,42,49,33,36,30,42,20,80,59,65,78
3448,42,16,24,72,97,37,44,78,66,21,59,65,78
3449,23,16,24,72,97,37,44,78,66,21,59,65,78
3450,42,60,24,72,97,37,44,78,66,21,59,65,78
3451,23,60,24,72,97,37,44,78,66,21,59,65,78
3452,42,16,42,72,97,37,44,78,66,21,59,65,78
3453,23,16,42,72,97,37,44,78,66,21,59,65,78
3454,42,60,42,72,97,37,44,78,66,21,59,65,78
3455,23,60,42,72,97,37,44,78,66,21,59,65,78
3456,42,16,24,49,97,37,44,78,66,21,59,65,78
3457,23,16,24,49,97,37,44,78,66,21,59,65,78
3458,42,60,24,49,97,37,44,78,66,21,59,65,78
3459,23,60,24,49,97,37,44,78,66,21,59,65,78
3460,42,16,42,49,97,37,44,78,66,21,59,65,78
3461,23,16,42,49,97,37,44,78,66,21,59,65,78
3462,42,60,42,49,97,37,44,78,66,21,59,65,78
3463,23,60,42,49,97,37,44,78,66,21,59,65,78
3464,42,16,24,72,33,37,44,78,66,21,59,65,78
3465,23,16,24,72,33,37,44,78,66,21,59,65,78
3466,42,60,24,72,33,37,44,78,66,21,59,65,78
3467,23,60,24,72,33,37,44,78,66,21,59,65,78
3468,42,16,42,72,33,37,44,78,66,21,59,65,78
3469,23,16,42,72,33,37,44,78,66,21,59,65,78
3470,42,60,42,72,33,37,44,78,66,21,59,65,78
3471,23,60,42,72,33,37,44,78,66,21,59,65,78
3472,23,16,24,49,33,37,44,78,66,21,59,65,78
3473,42,60,24,49,33,37,44,78,66,21,59,65,78
3474,23,60,24,49,33,37,44,78,66,21,59,65,78
3475,42,16,42,49,33,37,44,78,66,21,59,65,78
3476,23,16,42,49,33,37,44,78,66,21,59,65,78
3477,42,60,42,49,33,37,44,78,66,21,59,65,78
3478,23,60,42,49,33,37,44,78,66,21,59,65,78
3479,42,16,24,72,97,36,44,78,66,21,59,65,78
3480,23,16,24,72,97,36,44,78,66,21,59,65,78
3481,23,60,24,72,97,36,44,78,66,21,59,65,78
3482,42,16,42,72,97,36,44,78,66,21,59,65,78
3483,23,16,42,72,97,36,44,78,66,21,59,65,78
3484,42,60,42,72,97,36,44,78,66,21,59,65,78
3485,23,60,42,72,97,36,44,78,66,21,59,65,78
3486,42,16,24,49,97,36,44,78,66,21,59,65,78
3487,23,16,24,49,97,36,44,78,66,21,59,65,78
3488,42,60,24,49,97,36,44,78,66,21,59,65,78
3489,23,60,24,49,97,36,44,78,66,21,59,65,78
3490,42,16,42,49,97,36,44,78,66,21,59,65,78
3491,23,16,42,49,97,36,44,78,66,21,59,65,78
3492,42,60,42,49,97,36,44,78,66,21,59,65,78
3493,23,60,42,49,97,36,44,78,66,21,59,65,78
3494,42,16,24,72,33,36,44,78,66,21,59,65,78
3495,23,16,24,72,33,36,44,78,66,21,59,65,78
3496,42,60,24,72,33,36,44,78,66,21,59,65,78
3497,23,60,24,72,33,36,44,78,66,21,59,65,78
3498,42,16,42,72,33,36,44,78,66,21,59,65,78
3499,23,16,42,72,33,36,44,78,66,21,59,65,78
3500,42,60,42,72,33,36,44,78,66,21,59,65,78
3501,23,60,42,72,33,36,44,78,66,21,59,65,78
3502,42,16,24,49,33,36,44,78,66,21,59,65,78
3503,23,16,24,49,33,36,44,78,66,21,59,65,78
3504,42,60,24,49,33,36,44,78,66,21,59,65,78
3505,23,60,24,49,33,36,44,78,66,21,59,65,78
3506,42,16,42,49,33,36,44,78,66,21,59,65,78
3507,23,16,42,49,33,36,44,78,66,21,59,65,78
3508,42,60,42,49,33,36,44,78,66,21,59,65,78
3509,23,60,42,49,33,36,44,78,66,21,59,65,78
3510,42,16,24,72,97,37,30,78,66,21,59,65,78
3511,23,16,24,72,97,37,30,78,66,21,59,65,78
3512,42,60,24,72,97,37,30,78,66,21,59,65,78
3513,23,60,24,72,97,37,30,78,66,21,59,65,78
3514,42,16,42,72,97,37,30,78,66,21,59,65,78
3515,23,16,42,72,97,37,30,78,66,21,59,65,78
3516,42,60,42,72,97,37,30,78,66,21,59,65,78
3517,23,60,42,72,97,37,30,78,66,21,59,65,78
3518,42,16,24,49,97,37,30,78,66,21,59,65,78
3519,23,16,24,49,97,37,30,78,66,21,59,65,78
3520,42,60,24,49,97,37,30,78,66,21,59,65,78
3521,23,60,24,49,97,37,30,78,66,21,59,65,78
3522,42,16,42,49,97,37,30,78,66,21,59,65,78
3523,23,16,42,49,97,37,30,78,66,21,59,65,78
3524,42,60,42,49,97,37,30,78,66,21,59,65,78
3525,23,60,42,49,97,37,30,78,66,21,59,65,78
3526,42,16,24,72,33,37,30,78,66,21,59,65,78
3527,23,16,24,72,33,37,30,78,66,21,59,65,78
3528,42,60,24,72,33,37,30,78,66,21,59,65,78
3529,23,60,24,72,33,37,30,78,66,21,59,65,78
3530,42,16,42,72,33,37,30,78,66,21,59,65,78
3531,23,16,42,72,33,37,30,78,66,21,59,65,78
3532,42,60,42,72,33,37,30,78,66,21,59,65,78
3533,23,60,42,72,33,37,30,78,66,21,59,65,78
3534,42,60,24,49,33,37,30,78,66,21,59,65,78
3535,23,60,24,49,33,37,30,78,66,21,59,65,78
3536,42,16,42,49,33,37,30,78,66,21,59,65,78
3537,23,16,42,49,33,37,30,78,66,21,59,65,78
3538,42,60,42,49,33,37,30,78,66,21,59,65,78
3539,23,60,42,49,33,37,30,78,66,21,59,65,78
3540,42,16,24,72,97,36,30,78,66,21,59,65,78
3541,23,16,24,72,97,36,30,78,66,21,59,65,78
3542,42,60,24,72,97,36,30,78,66,21,59,65,78
3543,23,60,24,72,97,36,30,78,66,21,59,65,78
3544,42,16,42,72,97,36,30,78,66,21,59,65,78
3545,23,16,42,72,97,36,30,78,66,21,59,65,78
3546,42,60,42,72,97,36,30,78,66,21,59,65,78
3547,23,60,42,72,97,36,30,78,66,21,59,65,78
3548,42,16,24,49,97,36,30,78,66,21,59,65,78
3549,23,16,24,49,97,36,30,78,66,21,59,65,78
3550,42,60,24,49,97,36,30,78,66,21,59,65,78
3551,23,60,24,49,97,36,30,78,66,21,59,65,78
3552,42,16,42,49,97,36,30,78,66,21,59,65,78
3553,23,16,42,49,97,36,30,78,66,21,59,65,78
3554,42,60,42,49,97,36,30,78,66,21,59,65,78
3555,23,60,42,49,97,36,30,78,66,21,59,65,78
3556,42,16,24,72,33,36,30,78,66,21,59,65,78
3557,23,16,24,72,33,36,30,78,66,21,59,65,78
3558,42,60,24,72,33,36,30,78,66,21,59,65,78
3559,23,60,24,72,33,36,30,78,66,21,59,65,78
3560,42,16,42,72,33,36,30,78,66,21,59,65,78
3561,23,16,42,72,33,36,30,78,66,21,59,65,78
3562,42,60,42,72,33,36,30,78,66,21,59,65,78
3563,23,60,42,72,33,36,30,78,66,21,59,65,78
3564,42,16,24,49,33,36,30,78,66,21,59,65,78
3565,23,16,24,49,33,36,30,78,66,21,59,65,78
3566,42,60,24,49,33,36,30,78,66,21,59,65,78
3567,23,60,24,49,33,36,30,78,66,21,59,65,78
3568,42,16,42,49,33,36,30,78,66,21,59,65,78
3569,23,16,42,49,33,36,30,78,66,21,59,65,78
3570,42,60,42,49,33,36,30,78,66,21,59,65,78
3571,23,60,42,49,33,36,30,78,66,21,59,65,78
3572,42,16,24,72,97,37,44,42,66,21,59,65,78
3573,23,16,24,72,97,37,44,42,66,21,59,65,78
3574,42,60,24,72,97,37,44,42,66,21,59,65,78
3575,23,60,24,72,97,37,44,42,66,21,59,65,78
3576,42,16,42,72,97,37,44,42,66,21,59,65,78
3577,23,16,42,72,97,37,44,42,66,21,59,65,78
3578,42,60,42,72,97,37,44,42,66,21,59,65,78
3579,23,60,42,72,97,37,44,42,66,21,59,65,78
3580,42,16,24,49,97,37,44,42,66,21,59,65,78
3581,23,16,24,49,97,37,44,42,66,21,59,65,78
3582,42,60,24,49,97,37,44,42,66,21,59,65,78
3583,23,60,24,49,97,37,44,42,66,21,59,65,78
3584,42,16,42,49,97,37,44,42,66,21,59,65,78
3585,23,16,42,49,97,37,44,42,66,21,59,65,78
3586,42,60,42,49,97,37,44,42,66,21,59,65,78
3587,23,60,42,49,97,37,44,42,66,21,59,65,78
3588,42,16,24,72,33,37,44,42,66,21,59,65,78
3589,23,16,24,72,33,37,44,42,66,21,59,65,78
3590,42,60,24,72,33,37,44,42,66,21,59,65,78
3591,23,60,24,72,33,37,44,42,66,21,59,65,78
3592,42,16,42,72,33,37,44,42,66,21,59,65,78
3593,23,16,42,72,33,37,44,42,66,21,59,65,78
3594,42,60,42,72,33,37,44,42,66,21,59,65,78
3595,23,60,42,72,33,37,44,42,66,21,59,65,78
3596,42,16,24,49,33,37,44,42,66,21,59,65,78
3597,23,16,24,49,33,37,44,42,66,21,59,65,78
3598,42,60,24,49,33,37,44,42,66,21,59,65,78
3599,23,60,24,49,33,37,44,42,66,21,59,65,78
3600,42,16,42,49,33,37,44,42,66,21,59,65,78
3601,23,16,42,49,33,37,44,42,66,21,59,65,78
3602,42,60,42,49,33,37,44,42,66,21,59,65,78
3603,23,60,42,49,33,37,44,42,66,21,59,65,78
3604,42,16,24,72,97,36,44,42,66,21,59,65,78
3605,23,16,24,72,97,36,44,42,66,21,59,65,78
3606,42,60,24,72,97,36,44,42,66,21,59,65,78
3607,23,60,24,72,97,36,44,42,66,21,59,65,78
3608,42,16,42,72,97,36,44,42,66,21,59,65,78
3609,23,16,42,72,97,36,44,42,66,21,59,65,78
3610,42,60,42,72,97,36,44,42,66,21,59,65,78
3611,23,60,42,72,97,36,44,42,66,21,59,65,78
3612,42,16,24,49,97,36,44,42,66,21,59,65,78
3613,23,16,24,49,97,36,44,42,66,21,59,65,78
3614,42,60,24,49,97,36,44,42,66,21,59,65,78
3615,23,60,24,49,97,36,44,42,66,21,59,65,78
3616,42,16,42,49,97,36,44,42,66,21,59,65,78
3617,23,16,42,49,97,36,44,42,66,21,59,65,78
3618,42,60,42,49,97,36,44,42,66,21,59,65,78
3619,23,60,42,49,97,36,44,42,66,21,59,65,78
3620,42,16,24,72,33,36,44,42,66,21,59,65,78
3621,23,16,24,72,33,36,44,42,66,21,59,65,78
3622,42,60,24,72,33,36,44,42,66,21,59,65,78
3623,23,60,24,72,33,36,44,42,66,21,59,65,78
3624,42,16,42,72,33,36,44,42,66,21,59,65,78
3625,23,16,42,72,33,36,44,42,66,21,59,65,78
3626,42,60,42,72,33,36,44,42,66,21,59,65,78
3627,23,60,42,72,33,36,44,42,66,21,59,65,78
3628,42,16,24,49,33,36,44,42,66,21,59,65,78
3629,23,16,24,49,33,36,44,42,66,21,59,65,78
3630,42,60,24,49,33,36,44,42,66,21,59,65,78
3631,23,60,24,49,33,36,44,42,66,21,59,65,78
3632,42,16,42,49,33,36,44,42,66,21,59,65,78
3633,23,16,42,49,33,36,44,42,66,21,59,65,78
3634,42,60,42,49,33,36,44,42,66,21,59,65,78
3635,23,60,42,49,33,36,44,42,66,21,59,65,78
3636,42,16,24,72,97,37,30,42,66,21,59,65,78
3637,23,16,24,72,97,37,30,42,66,21,59,65,78
3638,42,60,24,72,97,37,30,42,66,21,59,65,78
3639,23,60,24,72,97,37,30,42,66,21,59,65,78
3640,42,16,42,72,97,37,30,42,66,21,59,65,78
3641,23,16,42,72,97,37,30,42,66,21,59,65,78
3642,42,60,42,72,97,37,30,42,66,21,59,65,78
3643,23,60,42,72,97,37,30,42,66,21,59,65,78
3644,23,16,24,49,97,37,30,42,66,21,59,65,78
3645,42,60,24,49,97,37,30,42,66,21,59,65,78
3646,23,60,24,49,97,37,30,42,66,21,59,65,78
3647,42,16,42,49,97,37,30,42,66,21,59,65,78
3648,23,16,42,49,97,37,30,42,66,21,59,65,78
3649,42,60,42,49,97,37,30,42,66,21,59,65,78
3650,23,60,42,49,97,37,30,42,66,21,59,65,78
3651,42,16,24,72,33,37,30,42,66,21,59,65,78
3652,23,16,24,72,33,37,30,42,66,21,59,65,78
3653,42,60,24,72,33,37,30,42,66,21,59,65,78
3654,23,60,24,72,33,37,30,42,66,21,59,65,78
3655,42,16,42,72,33,37,30,42,66,21,59,65,78
3656,23,16,42,72,33,37,30,42,66,21,59,65,78
3657,42,60,42,72,33,37,30,42,66,21,59,65,78
3658,23,60,42,72,33,37,30,42,66,21,59,65,78
3659,42,16,24,49,33,37,30,42,66,21,59,65,78
3660,23,16,24,49,33,37,30,42,66,21,59,65,78
3661,42,60,24,49,33,37,30,42,66,21,59,65,78
3662,23,60,24,49,33,37,30,42,66,21,59,65,78
3663,42,16,42,49,33,37,30,42,66,21,59,65,78
3664,23,16,42,49,33,37,30,42,66,21,59,65,78
3665,42,60,42,49,33,37,30,42,66,21,59,65,78
3666,23,60,42,49,33,37,30,42,66,21,59,65,78
3667,42,16,24,72,97,36,30,42,66,21,59,65,78
3668,23,16,24,72,97,36,30,42,66,21,59,65,78
3669,23,60,24,72,97,36,30,42,66,21,59,65,78
3670,42,16,42,72,97,36,30,42,66,21,59,65,78
3671,23,16,42,72,97,36,30,42,66,21,59,65,78
3672,42,60,42,72,97,36,30,42,66,21,59,65,78
3673,23,60,42,72,97,36,30,42,66,21,59,65,78
3674,42,16,24,49,97,36,30,42,66,21,59,65,78
3675,23,16,24,49,97,36,30,42,66,21,59,65,78
3676,42,60,24,49,97,36,30,42,66,21,59,65,78
3677,23,60,24,49,97,36,30,42,66,21,59,65,78
3678,42,16,42,49,97,36,30,42,66,21,59,65,78
3679,23,16,42,49,97,36,30,42,66,21,59,65,78
3680,42,60,42,49,97,36,30,42,66,21,59,65,78
3681,23,60,42,49,97,36,30,42,66,21,59,65,78
3682,42,16,24,72,33,36,30,42,66,21,59,65,78
3683,23,16,24,72,33,36,30,42,66,21,59,65,78
3684,42,60,24,72,33,36,30,42,66,21,59,65,78
3685,23,60,24,72,33,36,30,42,66,21,59,65,78
3686,42,16,42,72,33,36,30,42,66,21,59,65,78
3687,23,16,42,72,33,36,30,42,66,21,59,65,78
3688,42,60,42,72,33,36,30,42,66,21,59,65,78
3689,23,60,42,72,33,36,30,42,66,21,59,65,78
3690,42,16,24,49,33,36,30,42,66,21,59,65,78
3691,23,16,24,49,33,36,30,42,66,21,59,65,78
3692,42,60,24,49,33,36,30,42,66,21,59,65,78
3693,23,60,24,49,33,36,30,42,66,21,59,65,78
3694,42,16,42,49,33,36,30,42,66,21,59,65,78
3695,23,16,42,49,33,36,30,42,66,21,59,65,78
3696,42,60,42,49,33,36,30,42,66,21,59,65,78
3697,23,60,42,49,33,36,30,42,66,21,59,65,78
3698,42,16,24,72,97,37,44,78,20,21,59,65,78
3699,23,16,24,72,97,37,44,78,20,21,59,65,78
3700,42,60,24,72,97,37,44,78,20,21,59,65,78
3701,23,60,24,72,97,37,44,78,20,21,59,65,78
3702,42,16,42,72,97,37,44,78,20,21,59,65,78
3703,23,16,42,72,97,37,44,78,20,21,59,65,78
3704,42,60,42,72,97,37,44,78,20,21,59,65,78
3705,23,60,42,72,97,37,44,78,20,21,59,65,78
3706,42,16,24,49,97,37,44,78,20,21,59,65,78
3707,23,16,24,49,97,37,44,78,20,21,59,65,78
3708,42,60,24,49,97,37,44,78,20,21,59,65,78
3709,23,60,24,49,97,37,44,78,20,21,59,65,78
3710,42,16,42,49,97,37,44,78,20,21,59,65,78
3711,23,16,42,49,97,37,44,78,20,21,59,65,78
3712,42,60,42,49,97,37,44,78,20,21,59,65,78
3713,23,60,42,49,97,37,44,78,20,21,59,65,78
3714,23,16,24,72,33,37,44,78,20,21,59,65,78
3715,42,60,24,72,33,37,44,78,20,21,59,65,78
3716,23,60,24,72,33,37,44,78,20,21,59,65,78
3717,42,16,42,72,33,37,44,78,20,21,59,65,78
3718,23,16,42,72,33,37,44,78,20,21,59,65,78
3719,42,60,42,72,33,37,44,78,20,21,59,65,78
3720,23,60,42,72,33,37,44,78,20,21,59,65,78
3721,42,16,24,49,33,37,44,78,20,21,59,65,78
3722,23,16,24,49,33,37,44,78,20,21,59,65,78
3723,42,60,24,49,33,37,44,78,20,21,59,65,78
3724,23,60,24,49,33,37,44,78,20,21,59,65,78
3725,42,16,42,49,33,37,44,78,20,21,59,65,78
3726,23,16,42,49,33,37,44,78,20,21,59,65,78
3727,42,60,42,49,33,37,44,78,20,21,59,65,78
3728,23,60,42,49,33,37,44,78,20,21,59,65,78
3729,42,16,24,72,97,36,44,78,20,21,59,65,78
3730,23,16,24,72,97,36,44,78,20,21,59,65,78
3731,23,60,24,72,97,36,44,78,20,21,59,65,78
3732,42,16,42,72,97,36,44,78,20,21,59,65,78
3733,23,16,42,72,97,36,44,78,20,21,59,65,78
3734,23,60,42,72,97,36,44,78,20,21,59,65,78
3735,42,16,24,49,97,36,44,78,20,21,59,65,78
3736,23,16,24,49,97,36,44,78,20,21,59,65,78
3737,42,60,24,49,97,36,44,78,20,21,59,65,78
3738,23,60,24,49,97,36,44,78,20,21,59,65,78
3739,42,16,42,49,97,36,44,78,20,21,59,65,78
3740,23,16,42,49,97,36,44,78,20,21,59,65,78
3741,42,60,42,49,97,36,44,78,20,21,59,65,78
3742,23,60,42,49,97,36,44,78,20,21,59,65,78
3743,42,16,24,72,33,36,44,78,20,21,59,65,78
3744,23,16,24,72,33,36,44,78,20,21,59,65,78
3745,42,60,24,72,33,36,44,78,20,21,59,65,78
3746,23,60,24,72,33,36,44,78,20,21,59,65,78
3747,42,16,42,72,33,36,44,78,20,21,59,65,78
3748,23,16,42,72,33,36,44,78,20,21,59,65,78
3749,42,60,42,72,33,36,44,78,20,21,59,65,78
3750,23,60,42,72,33,36,44,78,20,21,59,65,78
3751,42,16,24,49,33,36,44,78,20,21,59,65,78
3752,23,16,24,49,33,36,44,78,20,21,59,65,78
3753,42,60,24,49,33,36,44,78,20,21,59,65,78
3754,23,60,24,49,33,36,44,78,20,21,59,65,78
3755,42,16,42,49,33,36,44,78,20,21,59,65,78
3756,23,16,42,49,33,36,44,78,20,21,59,65,78
3757,42,60,42,49,33,36,44,78,20,21,59,65,78
3758,23,60,42,49,33,36,44,78,20,21,59,65,78
3759,42,16,24,72,97,37,30,78,20,21,59,65,78
3760,23,16,24,72,97,37,30,78,20,21,59,65,78
3761,42,60,24,72,97,37,30,78,20,21,59,65,78
3762,23,60,24,72,97,37,30,78,20,21,59,65,78
3763,42,16,42,72,97,37,30,78,20,21,59,65,78
3764,23,16,42,72,97,37,30,78,20,21,59,65,78
3765,42,60,42,72,97,37,30,78,20,21,59,65,78
3766,23,60,42,72,97,37,30,78,20,21,59,65,78
3767,42,16,24,49,97,37,30,78,20,21,59,65,78
3768,23,16,24,49,97,37,30,78,20,21,59,65,78
3769,42,60,24,49,97,37,30,78,20,21,59,65,78
3770,23,60,24,49,97,37,30,78,20,21,59,65,78
3771,42,16,42,49,97,37,30,78,20,21,59,65,78
3772,23,16,42,49,97,37,30,78,20,21,59,65,78
3773,42,60,42,49,97,37,30,78,20,21,59,65,78
3774,23,60,42,49,97,37,30,78,20,21,59,65,78
3775,42,16,24,72,33,37,30,78,20,21,59,65,78
3776,23,16,24,72,33,37,30,78,20,21,59,65,78
3777,23,60,24,72,33,37,30,78,20,21,59,65,78
3778,42,16,42,72,33,37,30,78,20,21,59,65,78
3779,23,16,42,72,33,37,30,78,20,21,59,65,78
3780,42,60,42,72,33,37,30,78,20,21,59,65,78
3781,23,60,42,72,33,37,30,78,20,21,59,65,78
3782,42,16,24,49,33,37,30,78,20,21,59,65,78
3783,23,16,24,49,33,37,30,78,20,21,59,65,78
3784,42,60,24,49,33,37,30,78,20,21,59,65,78
3785,23,60,24,49,33,37,30,78,20,21,59,65,78
3786,42,16,42,49,33,37,30,78,20,21,59,65,78
3787,23,16,42,49,33,37,30,78,20,21,59,65,78
3788,42,60,42,49,33,37,30,78,20,21,59,65,78
3789,23,60,42,49,33,37,30,78,20,21,59,65,78
3790,42,16,24,72,97,36,30,78,20,21,59,65,78
3791,23,16,24,72,97,36,30,78,20,21,59,65,78
3792,42,60,24,72,97,36,30,78,20,21,59,65,78
3793,23,60,24,72,97,36,30,78,20,21,59,65,78
3794,42,16,42,72,97,36,30,78,20,21,59,65,78
3795,23,16,42,72,97,36,30,78,20,21,59,65,78
3796,42,60,42,72,97,36,30,78,20,21,59,65,78
3797,23,60,42,72,97,36,30,78,20,21,59,65,78
3798,42,16,24,49,97,36,30,78,20,21,59,65,78
3799,23,16,24,49,97,36,30,78,20,21,59,65,78
3800,42,60,24,49,97,36,30,78,20,21,59,65,78
3801,23,60,24,49,97,36,30,78,20,21,59,65,78
3802,42,16,42,49,97,36,30,78,20,21,59,65,78
3803,23,16,42,49,97,36,30,78,20,21,59,65,78
3804,42,60,42,49,97,36,30,78,20,21,59,65,78
3805,23,60,42,49,97,36,30,78,20,21,59,65,78
3806,42,16,24,72,33,36,30,78,20,21,59,65,78
3807,42,60,24,72,33,36,30,78,20,21,59,65,78
3808,23,60,24,72,33,36,30,78,20,21,59,65,78
3809,42,16,42,72,33,36,30,78,20,21,59,65,78
3810,23,16,42,72,33,36,30,78,20,21,59,65,78
3811,42,60,42,72,33,36,30,78,20,21,59,65,78
3812,23,60,42,72,33,36,30,78,20,21,59,65,78
3813,42,16,24,49,33,36,30,78,20,21,59,65,78
3814,23,16,24,49,33,36,30,78,20,21,59,65,78
3815,42,60,24,49,33,36,30,78,20,21,59,65,78
3816,23,60,24,49,33,36,30,78,20,21,59,65,78
3817,42,16,42,49,33,36,30,78,20,21,59,65,78
3818,23,16,42,49,33,36,30,78,20,21,59,65,78
3819,42,60,42,49,33,36,30,78,20,21,59,65,78
3820,23,60,42,49,33,36,30,78,20,21,59,65,78
3821,42,16,24,72,97,37,44,42,20,21,59,65,78
3822,23,16,24,72,97,37,44,42,20,21,59,65,78
3823,42,60,24,72,97,37,44,42,20,21,59,65,78
3824,23,60,24,72,97,37,44,42,20,21,59,65,78
3825,42,16,42,72,97,37,44,42,20,21,59,65,78
3826,23,16,42,72,97,37,44,42,20,21,59,65,78
3827,42,60,42,72,97,37,44,42,20,21,59,65,78
3828,23,60,42,72,97,37,44,42,20,21,59,65,78
3829,42,16,24,49,97,37,44,42,20,21,59,65,78
3830,23,16,24,49,97,37,44,42,20,21,59,65,78
3831,42,60,24,49,97,37,44,42,20,21,59,65,78
3832,23,60,24,49,97,37,44,42,20,21,59,65,78
3833,42,16,42,49,97,37,44,42,20,21,59,65,78
3834,23,16,42,49,97,37,44,42,20,21,59,65,78
3835,42,60,42,49,97,37,44,42,20,21,59,65,78
3836,23,60,42,49,97,37,44,42,20,21,59,65,78
3837,42,16,24,72,33,37,44,42,20,21,59,65,78
3838,23,16,24,72,33,37,44,42,20,21,59,65,78
3839,42,60,24,72,33,37,44,42,20,21,59,65,78
3840,23,60,24,72,33,37,44,42,20,21,59,65,78
3841,42,16,42,72,33,37,44,42,20,21,59,65,78
3842,23,16,42,72,33,37,44,42,20,21,59,65,78
3843,42,60,42,72,33,37,44,42,20,21,59,65,78
3844,23,60,42,72,33,37,44,42,20,21,59,65,78
3845,42,16,24,49,33,37,44,42,20,21,59,65,78
3846,23,16,24,49,33,37,44,42,20,21,59,65,78
3847,42,60,24,49,33,37,44,42,20,21,59,65,78
3848,23,60,24,49,33,37,44,42,20,21,59,65,78
3849,42,16,42,49,33,37,44,42,20,21,59,65,78
3850,23,16,42,49,33,37,44,42,20,21,59,65,78
3851,42,60,42,49,33,37,44,42,20,21,59,65,78
3852,23,60,42,49,33,37,44,42,20,21,59,65,78
3853,42,16,24,72,97,36,44,42,20,21,59,65,78
3854,23,16,24,72,97,36,44,42,20,21,59,65,78
3855,42,60,24,72,97,36,44,42,20,21,59,65,78
3856,23,60,24,72,97,36,44,42,20,21,59,65,78
3857,42,16,42,72,97,36,44,42,20,21,59,65,78
3858,23,16,42,72,97,36,44,42,20,21,59,65,78
3859,42,60,42,72,97,36,44,42,20,21,59,65,78
3860,23,60,42,72,97,36,44,42,20,21,59,65,78
3861,42,16,24,49,97,36,44,42,20,21,59,65,78
3862,23,16,24,49,97,36,44,42,20,21,59,65,78
3863,42,60,24,49,97,36,44,42,20,21,59,65,78
3864,23,60,24,49,97,36,44,42,20,21,59,65,78
3865,42,16,42,49,97,36,44,42,20,21,59,65,78
3866,23,16,42,49,97,36,44,42,20,21,59,65,78
3867,42,60,42,49,97,36,44,42,20,21,59,65,78
3868,23,60,42,49,97,36,44,42,20,21,59,65,78
3869,42,16,24,72,33,36,44,42,20,21,59,65,78
3870,23,16,24,72,33,36,44,42,20,21,59,65,78
3871,42,60,24,72,33,36,44,42,20,21,59,65,78
3872,23,60,24,72,33,36,44,42,20,21,59,65,78
3873,42,16,42,72,33,36,44,42,20,21,59,65,78
3874,23,16,42,72,33,36,44,42,20,21,59,65,78
3875,42,60,42,72,33,36,44,42,20,21,59,65,78
3876,23,60,42,72,33,36,44,42,20,21,59,65,78
3877,42,16,24,49,33,36,44,42,20,21,59,65,78
3878,23,16,24,49,33,36,44,42,20,21,59,65,78
3879,42,60,24,49,33,36,44,42,20,21,59,65,78
3880,23,60,24,49,33,36,44,42,20,21,59,65,78
3881,42,16,42,49,33,36,44,42,20,21,59,65,78
3882,23,16,42,49,33,36,44,42,20,21,59,65,78
3883,42,60,42,49,33,36,44,42,20,21,59,65,78
3884,23,60,42,49,33,36,44,42,20,21,59,65,78
3885,42,16,24,72,97,37,30,42,20,21,59,65,78
3886,23,16,24,72,97,37,30,42,20,21,59,65,78
3887,42,60,24,72,97,37,30,42,20,21,59,65,78
3888,23,60,24,72,97,37,30,42,20,21,59,65,78
3889,42,16,42,72,97,37,30,42,20,21,59,65,78
3890,23,16,42,72,97,37,30,42,20,21,59,65,78
3891,42,60,42,72,97,37,30,42,20,21,59,65,78
3892,23,60,42,72,97,37,30,42,20,21,59,65,78
3893,42,16,24,49,97,37,30,42,20,21,59,65,78
3894,23,16,24,49,97,37,30,42,20,21,59,65,78
3895,42,60,24,49,97,37,30,42,20,21,59,65,78
3896,23,60,24,49,97,37,30,42,20,21,59,65,78
3897,42,16,42,49,97,37,30,42,20,21,59,65,78
3898,23,16,42,49,97,37,30,42,20,21,59,65,78
3899,42,60,42,49,97,37,30,42,20,21,59,65,78
3900,23,60,42,49,97,37,30,42,20,21,59,65,78
3901,42,16,24,72,33,37,30,42,20,21,59,65,78
3902,23,16,24,72,33,37,30,42,20,21,59,65,78
3903,42,60,24,72,33,37,30,42,20,21,59,65,78
3904,23,60,24,72,33,37,30,42,20,21,59,65,78
3905,42,16,42,72,33,37,30,42,20,21,59,65,78
3906,23,16,42,72,33,37,30,42,20,21,59,65,78
3907,42,60,42,72,33,37,30,42,20,21,59,65,78
3908,23,60,42,72,33,37,30,42,20,21,59,65,78
3909,42,16,24,49,33,37,30,42,20,21,59,65,78
3910,23,16,24,49,33,37,30,42,20,21,59,65,78
3911,42,60,24,49,33,37,30,42,20,21,59,65,78
3912,23,60,24,49,33,37,30,42,20,21,59,65,78
3913,42,16,42,49,33,37,30,42,20,21,59,65,78
3914,23,16,42,49,33,37,30,42,20,21,59,65,78
3915,42,60,42,49,33,37,30,42,20,21,59,65,78
3916,23,60,42,49,33,37,30,42,20,21,59,65,78
3917,42,16,24,72,97,36,30,42,20,21,59,65,78
3918,23,16,24,72,97,36,30,42,20,21,59,65,78
3919,42,60,24,72,97,36,30,42,20,21,59,65,78
3920,23,60,24,72,97,36,30,42,20,21,59,65,78
3921,42,16,42,72,97,36,30,42,20,21,59,65,78
3922,23,16,42,72,97,36,30,42,20,21,59,65,78
3923,42,60,42,72,97,36,30,42,20,21,59,65,78
3924,23,60,42,72,97,36,30,42,20,21,59,65,78
3925,42,16,24,49,97,36,30,42,20,21,59,65,78
3926,23,16,24,49,97,36,30,42,20,21,59,65,78
3927,42,60,24,49,97,36,30,42,20,21,59,65,78
3928,23,60,24,49,97,36,30,42,20,21,59,65,78
3929,42,16,42,49,97,36,30,42,20,21,59,65,78
3930,23,16,42,49,97,36,30,42,20,21,59,65,78
3931,42,60,42,49,97,36,30,42,20,21,59,65,78
3932,23,60,42,49,97,36,30,42,20,21,59,65,78
3933,42,16,24,72,33,36,30,42,20,21,59,65,78
3934,23,16,24,72,33,36,30,42,20,21,59,65,78
3935,42,60,24,72,33,36,30,42,20,21,59,65,78
3936,23,60,24,72,33,36,30,42,20,21,59,65,78
3937,42,16,42,72,33,36,30,42,20,21,59,65,78
3938,23,16,42,72,33,36,30,42,20,21,59,65,78
3939,42,60,42,72,33,36,30,42,20,21,59,65,78
3940,23,60,42,72,33,36,30,42,20,21,59,65,78
3941,42,16,24,49,33,36,30,42,20,21,59,65,78
3942,23,16,24,49,33,36,30,42,20,21,59,65,78
3943,42,60,24,49,33,36,30,42,20,21,59,65,78
3944,23,60,24,49,33,36,30,42,20,21,59,65,78
3945,42,16,42,49,33,36,30,42,20,21,59,65,78
3946,23,16,42,49,33,36,30,42,20,21,59,65,78
3947,42,60,42,49,33,36,30,42,20,21,59,65,78
3948,23,60,42,49,33,36,30,42,20,21,59,65,78
3949,23,16,24,72,97,37,44,78,66,80,2,27,4
3950,42,60,24,72,97,37,44,78,66,80,2,27,4
3951,23,60,24,72,97,37,44,78,66,80,2,27,4
3952,42,16,42,72,97,37,44,78,66,80,2,27,4
3953,23,16,42,72,97,37,44,78,66,80,2,27,4
3954,42,60,42,72,97,37,44,78,66,80,2,27,4
3955,23,60,42,72,97,37,44,78,66,80,2,27,4
3956,42,16,24,49,97,37,44,78,66,80,2,27,4
3957,23,16,24,49,97,37,44,78,66,80,2,27,4
3958,42,60,24,49,97,37,44,78,66,80,2,27,4
3959,23,60,24,49,97,37,44,78,66,80,2,27,4
3960,42,16,42,49,97,37,44,78,66,80,2,27,4
3961,23,16,42,49,97,37,44,78,66,80,2,27,4
3962,42,60,42,49,97,37,44,78,66,80,2,27,4
3963,23,60,42,49,97,37,44,78,66,80,2,27,4
3964,42,16,24,72,33,37,44,78,66,80,2,27,4
3965,23,16,24,72,33,37,44,78,66,80,2,27,4
3966,42,60,24,72,33,37,44,78,66,80,2,27,4
3967,23,60,24,72,33,37,44,78,66,80,2,27,4
3968,42,16,42,72,33,37,44,78,66,80,2,27,4
3969,23,16,42,72,33,37,44,78,66,80,2,27,4
3970,42,60,42,72,33,37,44,78,66,80,2,27,4
3971,23,60,42,72,33,37,44,78,66,80,2,27,4
3972,42,16,24,49,33,37,44,78,66,80,2,27,4
3973,23,16,24,49,33,37,44,78,66,80,2,27,4
3974,42,60,24,49,33,37,44,78,66,80,2,27,4
3975,23,60,24,49,33,37,44,78,66,80,2,27,4
3976,42,16,42,49,33,37,44,78,66,80,2,27,4
3977,23,16,42,49,33,37,44,78,66,80,2,27,4
3978,42,60,42,49,33,37,44,78,66,80,2,27,4
3979,23,60,42,49,33,37,44,78,66,80,2,27,4
3980,42,16,24,72,97,36,44,78,66,80,2,27,4
3981,23,16,24,72,97,36,44,78,66,80,2,27,4
3982,42,60,24,72,97,36,44,78,66,80,2,27,4
3983,23,60,24,72,97,36,44,78,66,80,2,27,4
3984,42,16,42,72,97,36,44,78,66,80,2,27,4
3985,23,16,42,72,97,36,44,78,66,80,2,27,4
3986,42,60,42,72,97,36,44,78,66,80,2,27,4
3987,23,60,42,72,97,36,44,78,66,80,2,27,4
3988,42,16,24,49,97,36,44,78,66,80,2,27,4
3989,23,16,24,49,97,36,44,78,66,80,2,27,4
3990,42,60,24,49,97,36,44,78,66,80,2,27,4
3991,23,60,24,49,97,36,44,78,66,80,2,27,4
3992,42,16,42,49,97,36,44,78,66,80,2,27,4
3993,23,16,42,49,97,36,44,78,66,80,2,27,4
3994,42,60,42,49,97,36,44,78,66,80,2,27,4
3995,23,60,42,49,97,36,44,78,66,80,2,27,4
3996,42,16,24,72,33,36,44,78,66,80,2,27,4
3997,23,16,24,72,33,36,44,78,66,80,2,27,4
3998,42,60,24,72,33,36,44,78,66,80,2,27,4
3999,23,60,24,72,33,36,44,78,66,80,2,27,4
4000,42,16,42,72,33,36,44,78,66,80,2,27,4
4001,23,16,42,72,33,36,44,78,66,80,2,27,4
4002,42,60,42,72,33,36,44,78,66,80,2,27,4
4003,23,60,42,72,33,36,44,78,66,80,2,27,4
4004,42,16,24,49,33,36,44,78,66,80,2,27,4
4005,23,16,24,49,33,36,44,78,66,80,2,27,4
4006,42,60,24,49,33,36,44,78,66,80,2,27,4
4007,23,60,24,49,33,36,44,78,66,80,2,27,4
4008,42,16,42,49,33,36,44,78,66,80,2,27,4
4009,23,16,42,49,33,36,44,78,66,80,2,27,4
4010,42,60,42,49,33,36,44,78,66,80,2,27,4
4011,23,60,42,49,33,36,44,78,66,80,2,27,4
4012,42,16,24,72,97,37,30,78,66,80,2,27,4
4013,23,16,24,72,97,37,30,78,66,80,2,27,4
4014,42,60,24,72,97,37,30,78,66,80,2,27,4
4015,23,60,24,72,97,37,30,78,66,80,2,27,4
4016,42,16,42,72,97,37,30,78,66,80,2,27,4
4017,23,16,42,72,97,37,30,78,66,80,2,27,4
4018,42,60,42,72,97,37,30,78,66,80,2,27,4
4019,23,60,42,72,97,37,30,78,66,80,2,27,4
4020,42,16,24,49,97,37,30,78,66,80,2,27,4
4021,23,16,24,49,97,37,30,78,66,80,2,27,4
4022,42,60,24,49,97,37,30,78,66,80,2,27,4
4023,23,60,24,49,97,37,30,78,66,80,2,27,4
4024,42,16,42,49,97,37,30,78,66,80,2,27,4
4025,23,16,42,49,97,37,30,78,66,80,2,27,4
4026,42,60,42,49,97,37,30,78,66,80,2,27,4
4027,23,60,42,49,97,37,30,78,66,80,2,27,4
4028,42,16,24,72,33,37,30,78,66,80,2,27,4
4029,23,16,24,72,33,37,30,78,66,80,2,27,4
4030,42,60,24,72,33,37,30,78,66,80,2,27,4
4031,23,60,24,72,33,37,30,78,66,80,2,27,4
4032,42,16,42,72,33,37,30,78,66,80,2,27,4
4033,23,16,42,72,33,37,30,78,66,80,2,27,4
4034,42,60,42,72,33,37,30,78,66,80,2,27,4
4035,23,60,42,72,33,37,30,78,66,80,2,27,4
4036,42,16,24,49,33,37,30,78,66,80,2,27,4
4037,23,16,24,49,33,37,30,78,66,80,2,27,4
4038,23,60,24,49,33,37,30,78,66,80,2,27,4
4039,42,16,42,49,33,37,30,78,66,80,2,27,4
4040,23,16,42,49,33,37,30,78,66,80,2,27,4
4041,42,60,42,49,33,37,30,78,66,80,2,27,4
4042,23,60,42,49,33,37,30,78,66,80,2,27,4
4043,42,16,24,72,97,36,30,78,66,80,2,27,4
4044,23,16,24,72,97,36,30,78,66,80,2,27,4
4045,42,60,24,72,97,36,30,78,66,80,2,27,4
4046,23,60,24,72,97,36,30,78,66,80,2,27,4
4047,42,16,42,72,97,36,30,78,66,80,2,27,4
4048,23,16,42,72,97,36,30,78,66,80,2,27,4
4049,42,60,42,72,97,36,30,78,66,80,2,27,4
4050,23,60,42,72,97,36,30,78,66,80,2,27,4
4051,42,16,24,49,97,36,30,78,66,80,2,27,4
4052,23,16,24,49,97,36,30,78,66,80,2,27,4
4053,42,60,24,49,97,36,30,78,66,80,2,27,4
4054,23,60,24,49,97,36,30,78,66,80,2,27,4
4055,42,16,42,49,97,36,30,78,66,80,2,27,4
4056,23,16,42,49,97,36,30,78,66,80,2,27,4
4057,42,60,42,49,97,36,30,78,66,80,2,27,4
4058,23,60,42,49,97,36,30,78,66,80,2,27,4
4059,42,16,24,72,33,36,30,78,66,80,2,27,4
4060,23,16,24,72,33,36,30,78,66,80,2,27,4
4061,42,60,24,72,33,36,30,78,66,80,2,27,4
4062,23,60,24,72,33,36,30,78,66,80,2,27,4
4063,42,16,42,72,33,36,30,78,66,80,2,27,4
4064,23,16,42,72,33,36,30,78,66,80,2,27,4
4065,42,60,42,72,33,36,30,78,66,80,2,27,4
4066,23,60,42,72,33,36,30,78,66,80,2,27,4
4067,42,16,24,49,33,36,30,78,66,80,2,27,4
4068,23,16,24,49,33,36,30,78,66,80,2,27,4
4069,23,60,24,49,33,36,30,78,66,80,2,27,4
4070,42,16,42,49,33,36,30,78,66,80,2,27,4
4071,23,16,42,49,33,36,30,78,66,80,2,27,4
4072,42,60,42,49,33,36,30,78,66,80,2,27,4
4073,23,60,42,49,33,36,30,78,66,80,2,27,4
4074,42,16,24,72,97,37,44,42,66,80,2,27,4
4075,23,16,24,72,97,37,44,42,66,80,2,27,4
4076,42,60,24,72,97,37,44,42,66,80,2,27,4
4077,23,60,24,72,97,37,44,42,66,80,2,27,4
4078,42,16,42,72,97,37,44,42,66,80,2,27,4
4079,23,16,42,72,97,37,44,42,66,80,2,27,4
4080,42,60,42,72,97,37,44,42,66,80,2,27,4
4081,23,60,42,72,97,37,44,42,66,80,2,27,4
4082,42,16,24,49,97,37,44,42,66,80,2,27,4
4083,23,16,24,49,97,37,44,42,66,80,2,27,4
4084,42,60,24,49,97,37,44,42,66,80,2,27,4
4085,23,60,24,49,97,37,44,42,66,80,2,27,4
4086,42,16,42,49,97,37,44,42,66,80,2,27,4
4087,23,16,42,49,97,37,44,42,66,80,2,27,4
4088,42,60,42,49,97,37,44,42,66,80,2,27,4
4089,23,60,42,49,97,37,44,42,66,80,2,27,4
4090,42,16,24,72,33,37,44,42,66,80,2,27,4
4091,23,16,24,72,33,37,44,42,66,80,2,27,4
4092,42,60,24,72,33,37,44,42,66,80,2,27,4
4093,23,60,24,72,33,37,44,42,66,80,2,27,4
4094,42,16,42,72,33,37,44,42,66,80,2,27,4
4095,23,16,42,72,33,37,44,42,66,80,2,27,4
4096,42,60,42,72,33,37,44,42,66,80,2,27,4
4097,23,60,42,72,33,37,44,42,66,80,2,27,4
4098,42,16,24,49,33,37,44,42,66,80,2,27,4
4099,23,16,24,49,33,37,44,42,66,80,2,27,4
4100,42,60,24,49,33,37,44,42,66,80,2,27,4
4101,23,60,24,49,33,37,44,42,66,80,2,27,4
4102,42,16,42,49,33,37,44,42,66,80,2,27,4
4103,23,16,42,49,33,37,44,42,66,80,2,27,4
4104,42,60,42,49,33,37,44,42,66,80,2,27,4
4105,23,60,42,49,33,37,44,42,66,80,2,27,4
4106,42,16,24,72,97,36,44,42,66,80,2,27,4
4107,23,16,24,72,97,36,44,42,66,80,2,27,4
4108,42,60,24,72,97,36,44,42,66,80,2,27,4
4109,23,60,24,72,97,36,44,42,66,80,2,27,4
4110,42,16,42,72,97,36,44,42,66,80,2,27,4
4111,23,16,42,72,97,36,44,42,66,80,2,27,4
4112,42,60,42,72,97,36,44,42,66,80,2,27,4
4113,23,60,42,72,97,36,44,42,66,80,2,27,4
4114,42,16,24,49,97,36,44,42,66,80,2,27,4
4115,23,16,24,49,97,36,44,42,66,80,2,27,4
4116,42,60,24,49,97,36,44,42,66,80,2,27,4
4117,23,60,24,49,97,36,44,42,66,80,2,27,4
4118,42,16,42,49,97,36,44,42,66,80,2,27,4
4119,23,16,42,49,97,36,44,42,66,80,2,27,4
4120,42,60,42,49,97,36,44,42,66,80,2,27,4
4121,23,60,42,49,97,36,44,42,66,80,2,27,4
4122,42,16,24,72,33,36,44,42,66,80,2,27,4
4123,23,16,24,72,33,36,44,42,66,80,2,27,4
4124,42,60,24,72,33,36,44,42,66,80,2,27,4
4125,23,60,24,72,33,36,44,42,66,80,2,27,4
4126,42,16,42,72,33,36,44,42,66,80,2,27,4
4127,23,16,42,72,33,36,44,42,66,80,2,27,4
4128,42,60,42,72,33,36,44,42,66,80,2,27,4
4129,23,60,42,72,33,36,44,42,66,80,2,27,4
4130,42,16,24,49,33,36,44,42,66,80,2,27,4
4131,23,16,24,49,33,36,44,42,66,80,2,27,4
4132,42,60,24,49,33,36,44,42,66,80,2,27,4
4133,23,60,24,49,33,36,44,42,66,80,2,27,4
4134,42,16,42,49,33,36,44,42,66,80,2,27,4
4135,23,16,42,49,33,36,44,42,66,80,2,27,4
4136,42,60,42,49,33,36,44,42,66,80,2,27,4
4137,23,60,42,49,33,36,44,42,66,80,2,27,4
4138,42,16,24,72,97,37,30,42,66,80,2,27,4
4139,23,16,24,72,97,37,30,42,66,80,2,27,4
4140,42,60,24,72,97,37,30,42,66,80,2,27,4
4141,23,60,24,72,97,37,30,42,66,80,2,27,4
4142,42,16,42,72,97,37,30,42,66,80,2,27,4
4143,23,16,42,72,97,37,30,42,66,80,2,27,4
4144,42,60,42,72,97,37,30,42,66,80,2,27,4
4145,23,60,42,72,97,37,30,42,66,80,2,27,4
4146,42,16,24,49,97,37,30,42,66,80,2,27,4
4147,23,16,24,49,97,37,30,42,66,80,2,27,4
4148,42,60,24,49,97,37,30,42,66,80,2,27,4
4149,23,60,24,49,97,37,30,42,66,80,2,27,4
4150,42,16,42,49,97,37,30,42,66,80,2,27,4
4151,23,16,42,49,97,37,30,42,66,80,2,27,4
4152,42,60,42,49,97,37,30,42,66,80,2,27,4
4153,23,60,42,49,97,37,30,42,66,80,2,27,4
4154,42,16,24,72,33,37,30,42,66,80,2,27,4
4155,23,16,24,72,33,37,30,42,66,80,2,27,4
4156,42,60,24,72,33,37,30,42,66,80,2,27,4
4157,23,60,24,72,33,37,30,42,66,80,2,27,4
4158,42,16,42,72,33,37,30,42,66,80,2,27,4
4159,23,16,42,72,33,37,30,42,66,80,2,27,4
4160,42,60,42,72,33,37,30,42,66,80,2,27,4
4161,23,60,42,72,33,37,30,42,66,80,2,27,4
4162,42,16,24,49,33,37,30,42,66,80,2,27,4
4163,23,16,24,49,33,37,30,42,66,80,2,27,4
4164,42,60,24,49,33,37,30,42,66,80,2,27,4
4165,23,60,24,49,33,37,30,42,66,80,2,27,4
4166,42,16,42,49,33,37,30,42,66,80,2,27,4
4167,23,16,42,49,33,37,30,42,66,80,2,27,4
4168,42,60,42,49,33,37,30,42,66,80,2,27,4
4169,23,60,42,49,33,37,30,42,66,80,2,27,4
4170,42,16,24,72,97,36,30,42,66,80,2,27,4
4171,23,16,24,72,97,36,30,42,66,80,2,27,4
4172,42,60,24,72,97,36,30,42,66,80,2,27,4
4173,23,60,24,72,97,36,30,42,66,80,2,27,4
4174,42,16,42,72,97,36,30,42,66,80,2,27,4
4175,23,16,42,72,97,36,30,42,66,80,2,27,4
4176,42,60,42,72,97,36,30,42,66,80,2,27,4
4177,23,60,42,72,97,36,30,42,66,80,2,27,4
4178,42,16,24,49,97,36,30,42,66,80,2,27,4
4179,23,16,24,49,97,36,30,42,66,80,2,27,4
4180,42,60,24,49,97,36,30,42,66,80,2,27,4
4181,23,60,24,49,97,36,30,42,66,80,2,27,4
4182,42,16,42,49,97,36,30,42,66,80,2,27,4
4183,23,16,42,49,97,36,30,42,66,80,2,27,4
4184,42,60,42,49,97,36,30,42,66,80,2,27,4
4185,23,60,42,49,97,36,30,42,66,80,2,27,4
4186,42,16,24,72,33,36,30,42,66,80,2,27,4
4187,23,16,24,72,33,36,30,42,66,80,2,27,4
4188,42,60,24,72,33,36,30,42,66,80,2,27,4
4189,23,60,24,72,33,36,30,42,66,80,2,27,4
4190,42,16,42,72,33,36,30,42,66,80,2,27,4
4191,23,16,42,72,33,36,30,42,66,80,2,27,4
4192,42,60,42,72,33,36,30,42,66,80,2,27,4
4193,23,60,42,72,33,36,30,42,66,80,2,27,4
4194,42,16,24,49,33,36,30,42,66,80,2,27,4
4195,23,16,24,49,33,36,30,42,66,80,2,27,4
4196,42,60,24,49,33,36,30,42,66,80,2,27,4
4197,23,60,24,49,33,36,30,42,66,80,2,27,4
4198,42,16,42,49,33,36,30,42,66,80,2,27,4
4199,23,16,42,49,33,36,30,42,66,80,2,27,4
4200,42,60,42,49,33,36,30,42,66,80,2,27,4
4201,23,60,42,49,33,36,30,42,66,80,2,27,4
4202,23,16,24,72,97,37,44,78,20,80,2,27,4
4203,23,60,24,72,97,37,44,78,20,80,2,27,4
4204,42,16,42,72,97,37,44,78,20,80,2,27,4
4205,23,16,42,72,97,37,44,78,20,80,2,27,4
4206,42,60,42,72,97,37,44,78,20,80,2,27,4
4207,23,60,42,72,97,37,44,78,20,80,2,27,4
4208,42,16,24,49,97,37,44,78,20,80,2,27,4
4209,23,16,24,49,97,37,44,78,20,80,2,27,4
4210,23,60,24,49,97,37,44,78,20,80,2,27,4
4211,42,16,42,49,97,37,44,78,20,80,2,27,4
4212,23,16,42,49,97,37,44,78,20,80,2,27,4
4213,42,60,42,49,97,37,44,78,20,80,2,27,4
4214,23,60,42,49,97,37,44,78,20,80,2,27,4
4215,42,16,24,72,33,37,44,78,20,80,2,27,4
4216,23,16,24,72,33,37,44,78,20,80,2,27,4
4217,23,60,24,72,33,37,44,78,20,80,2,27,4
4218,42,16,42,72,33,37,44,78,20,80,2,27,4
4219,23,16,42,72,33,37,44,78,20,80,2,27,4
4220,42,60,42,72,33,37,44,78,20,80,2,27,4
4221,23,60,42,72,33,37,44,78,20,80,2,27,4
4222,42,16,24,49,33,37,44,78,20,80,2,27,4
4223,23,16,24,49,33,37,44,78,20,80,2,27,4
4224,42,60,24,49,33,37,44,78,20,80,2,27,4
4225,23,60,24,49,33,37,44,78,20,80,2,27,4
4226,42,16,42,49,33,37,44,78,20,80,2,27,4
4227,23,16,42,49,33,37,44,78,20,80,2,27,4
4228,42,60,42,49,33,37,44,78,20,80,2,27,4
4229,23,60,42,49,33,37,44,78,20,80,2,27,4
4230,42,16,24,72,97,36,44,78,20,80,2,27,4
4231,23,16,24,72,97,36,44,78,20,80,2,27,4
4232,23,60,24,72,97,36,44,78,20,80,2,27,4
4233,42,16,42,72,97,36,44,78,20,80,2,27,4
4234,23,16,42,72,97,36,44,78,20,80,2,27,4
4235,42,60,42,72,97,36,44,78,20,80,2,27,4
4236,23,60,42,72,97,36,44,78,20,80,2,27,4
4237,42,16,24,49,97,36,44,78,20,80,2,27,4
4238,23,16,24,49,97,36,44,78,20,80,2,27,4
4239,42,60,24,49,97,36,44,78,20,80,2,27,4
4240,23,60,24,49,97,36,44,78,20,80,2,27,4
4241,42,16,42,49,97,36,44,78,20,80,2,27,4
4242,23,16,42,49,97,36,44,78,20,80,2,27,4
4243,42,60,42,49,97,36,44,78,20,80,2,27,4
4244,23,60,42,49,97,36,44,78,20,80,2,27,4
4245,42,16,24,72,33,36,44,78,20,80,2,27,4
4246,23,16,24,72,33,36,44,78,20,80,2,27,4
4247,42,60,24,72,33,36,44,78,20,80,2,27,4
4248,23,60,24,72,33,36,44,78,20,80,2,27,4
4249,42,16,42,72,33,36,44,78,20,80,2,27,4
4250,23,16,42,72,33,36,44,78,20,80,2,27,4
4251,42,60,42,72,33,36,44,78,20,80,2,27,4
4252,23,60,42,72,33,36,44,78,20,80,2,27,4
4253,42,16,24,49,33,36,44,78,20,80,2,27,4
4254,23,16,24,49,33,36,44,78,20,80,2,27,4
4255,42,60,24,49,33,36,44,78,20,80,2,27,4
4256,23,60,24,49,33,36,44,78,20,80,2,27,4
4257,42,16,42,49,33,36,44,78,20,80,2,27,4
4258,23,16,42,49,33,36,44,78,20,80,2,27,4
4259,42,60,42,49,33,36,44,78,20,80,2,27,4
4260,23,60,42,49,33,36,44,78,20,80,2,27,4
4261,23,16,24,72,97,37,30,78,20,80,2,27,4
4262,42,60,24,72,97,37,30,78,20,80,2,27,4
4263,23,60,24,72,97,37,30,78,20,80,2,27,4
4264,42,16,42,72,97,37,30,78,20,80,2,27,4
4265,23,16,42,72,97,37,30,78,20,80,2,27,4
4266,42,60,42,72,97,37,30,78,20,80,2,27,4
4267,23,60,42,72,97,37,30,78,20,80,2,27,4
4268,23,60,24,49,97,37,30,78,20,80,2,27,4
4269,42,16,42,49,97,37,30,78,20,80,2,27,4
4270,23,16,42,49,97,37,30,78,20,80,2,27,4
4271,42,60,42,49,97,37,30,78,20,80,2,27,4
4272,23,60,42,49,97,37,30,78,20,80,2,27,4
4273,42,16,24,72,33,37,30,78,20,80,2,27,4
4274,23,16,24,72,33,37,30,78,20,80,2,27,4
4275,23,60,24,72,33,37,30,78,20,80,2,27,4
4276,42,16,42,72,33,37,30,78,20,80,2,27,4
4277,23,16,42,72,33,37,30,78,20,80,2,27,4
4278,42,60,42,72,33,37,30,78,20,80,2,27,4
4279,23,60,42,72,33,37,30,78,20,80,2,27,4
4280,42,16,24,49,33,37,30,78,20,80,2,27,4
4281,23,16,24,49,33,37,30,78,20,80,2,27,4
4282,42,60,24,49,33,37,30,78,20,80,2,27,4
4283,23,60,24,49,33,37,30,78,20,80,2,27,4
4284,42,16,42,49,33,37,30,78,20,80,2,27,4
4285,23,16,42,49,33,37,30,78,20,80,2,27,4
4286,42,60,42,49,33,37,30,78,20,80,2,27,4
4287,23,60,42,49,33,37,30,78,20,80,2,27,4
4288,42,16,24,72,97,36,30,78,20,80,2,27,4
4289,23,16,24,72,97,36,30,78,20,80,2,27,4
4290,42,60,24,72,97,36,30,78,20,80,2,27,4
4291,23,60,24,72,97,36,30,78,20,80,2,27,4
4292,42,16,42,72,97,36,30,78,20,80,2,27,4
4293,23,16,42,72,97,36,30,78,20,80,2,27,4
4294,42,60,42,72,97,36,30,78,20,80,2,27,4
4295,23,60,42,72,97,36,30,78,20,80,2,27,4
4296,42,16,24,49,97,36,30,78,20,80,2,27,4
4297,23,16,24,49,97,36,30,78,20,80,2,27,4
4298,42,60,24,49,97,36,30,78,20,80,2,27,4
4299,23,60,24,49,97,36,30,78,20,80,2,27,4
4300,42,16,42,49,97,36,30,78,20,80,2,27,4
4301,23,16,42,49,97,36,30,78,20,80,2,27,4
4302,42,60,42,49,97,36,30,78,20,80,2,27,4
4303,23,60,42,49,97,36,30,78,20,80,2,27,4
4304,42,16,24,72,33,36,30,78,20,80,2,27,4
4305,23,16,24,72,33,36,30,78,20,80,2,27,4
4306,42,60,24,72,33,36,30,78,20,80,2,27,4
4307,23,60,24,72,33,36,30,78,20,80,2,27,4
4308,42,16,42,72,33,36,30,78,20,80,2,27,4
4309,23,16,42,72,33,36,30,78,20,80,2,27,4
4310,42,60,42,72,33,36,30,78,20,80,2,27,4
4311,23,60,42,72,33,36,30,78,20,80,2,27,4
4312,42,16,24,49,33,36,30,78,20,80,2,27,4
4313,23,16,24,49,33,36,30,78,20,80,2,27,4
4314,42,60,24,49,33,36,30,78,20,80,2,27,4
4315,23,60,24,49,33,36,30,78,20,80,2,27,4
4316,42,16,42,49,33,36,30,78,20,80,2,27,4
4317,23,16,42,49,33,36,30,78,20,80,2,27,4
4318,42,60,42,49,33,36,30,78,20,80,2,27,4
4319,23,60,42,49,33,36,30,78,20,80,2,27,4
4320,42,16,24,72,97,37,44,42,20,80,2,27,4
4321,23,16,24,72,97,37,44,42,20,80,2,27,4
4322,42,60,24,72,97,37,44,42,20,80,2,27,4
4323,42,16,42,72,97,37,44,42,20,80,2,27,4
4324,23,16,42,72,97,37,44,42,20,80,2,27,4
4325,42,60,42,72,97,37,44,42,20,80,2,27,4
4326,23,60,42,72,97,37,44,42,20,80,2,27,4
4327,42,16,24,49,97,37,44,42,20,80,2,27,4
4328,23,16,24,49,97,37,44,42,20,80,2,27,4
4329,42,60,24,49,97,37,44,42,20,80,2,27,4
4330,42,16,42,49,97,37,44,42,20,80,2,27,4
4331,23,16,42,49,97,37,44,42,20,80,2,27,4
4332,42,60,42,49,97,37,44,42,20,80,2,27,4
4333,23,60,42,49,97,37,44,42,20,80,2,27,4
4334,42,16,24,72,33,37,44,42,20,80,2,27,4
4335,23,16,24,72,33,37,44,42,20,80,2,27,4
4336,42,60,24,72,33,37,44,42,20,80,2,27,4
4337,23,60,24,72,33,37,44,42,20,80,2,27,4
4338,42,16,42,72,33,37,44,42,20,80,2,27,4
4339,23,16,42,72,33,37,44,42,20,80,2,27,4
4340,42,60,42,72,33,37,44,42,20,80,2,27,4
4341,23,60,42,72,33,37,44,42,20,80,2,27,4
4342,42,16,24,49,33,37,44,42,20,80,2,27,4
4343,23,16,24,49,33,37,44,42,20,80,2,27,4
4344,42,60,24,49,33,37,44,42,20,80,2,27,4
4345,23,60,24,49,33,37,44,42,20,80,2,27,4
4346,42,16,42,49,33,37,44,42,20,80,2,27,4
4347,23,16,42,49,33,37,44,42,20,80,2,27,4
4348,42,60,42,49,33,37,44,42,20,80,2,27,4
4349,23,60,42,49,33,37,44,42,20,80,2,27,4
4350,42,16,24,72,97,36,44,42,20,80,2,27,4
4351,23,16,24,72,97,36,44,42,20,80,2,27,4
4352,42,60,24,72,97,36,44,42,20,80,2,27,4
4353,23,60,24,72,97,36,44,42,20,80,2,27,4
4354,42,16,42,72,97,36,44,42,20,80,2,27,4
4355,23,16,42,72,97,36,44,42,20,80,2,27,4
4356,42,60,42,72,97,36,44,42,20,80,2,27,4
4357,23,60,42,72,97,36,44,42,20,80,2,27,4
4358,42,16,24,49,97,36,44,42,20,80,2,27,4
4359,23,16,24,49,97,36,44,42,20,80,2,27,4
4360,42,60,24,49,97,36,44,42,20,80,2,27,4
4361,23,60,24,49,97,36,44,42,20,80,2,27,4
4362,42,16,42,49,97,36,44,42,20,80,2,27,4
4363,23,16,42,49,97,36,44,42,20,80,2,27,4
4364,42,60,42,49,97,36,44,42,20,80,2,27,4
4365,23,60,42,49,97,36,44,42,20,80,2,27,4
4366,42,16,24,72,33,36,44,42,20,80,2,27,4
4367,23,16,24,72,33,36,44,42,20,80,2,27,4
4368,42,60,24,72,33,36,44,42,20,80,2,27,4
4369,23,60,24,72,33,36,44,42,20,80,2,27,4
4370,42,16,42,72,33,36,44,42,20,80,2,27,4
4371,23,16,42,72,33,36,44,42,20,80,2,27,4
4372,42,60,42,72,33,36,44,42,20,80,2,27,4
4373,23,60,42,72,33,36,44,42,20,80,2,27,4
4374,42,16,24,49,33,36,44,42,20,80,2,27,4
4375,23,16,24,49,33,36,44,42,20,80,2,27,4
4376,42,60,24,49,33,36,44,42,20,80,2,27,4
4377,23,60,24,49,33,36,44,42,20,80,2,27,4
4378,42,16,42,49,33,36,44,42,20,80,2,27,4
4379,23,16,42,49,33,36,44,42,20,80,2,27,4
4380,42,60,42,49,33,36,44,42,20,80,2,27,4
4381,23,60,42,49,33,36,44,42,20,80,2,27,4
4382,42,16,24,72,97,37,30,42,20,80,2,27,4
4383,23,16,24,72,97,37,30,42,20,80,2,27,4
4384,42,60,24,72,97,37,30,42,20,80,2,27,4
4385,23,60,24,72,97,37,30,42,20,80,2,27,4
4386,42,16,42,72,97,37,30,42,20,80,2,27,4
4387,23,16,42,72,97,37,30,42,20,80,2,27,4
4388,42,60,42,72,97,37,30,42,20,80,2,27,4
4389,23,60,42,72,97,37,30,42,20,80,2,27,4
4390,42,16,24,49,97,37,30,42,20,80,2,27,4
4391,23,16,24,49,97,37,30,42,20,80,2,27,4
4392,23,60,24,49,97,37,30,42,20,80,2,27,4
4393,42,16,42,49,97,37,30,42,20,80,2,27,4
4394,23,16,42,49,97,37,30,42,20,80,2,27,4
4395,42,60,42,49,97,37,30,42,20,80,2,27,4
4396,23,60,42,49,97,37,30,42,20,80,2,27,4
4397,42,16,24,72,33,37,30,42,20,80,2,27,4
4398,23,16,24,72,33,37,30,42,20,80,2,27,4
4399,42,60,24,72,33,37,30,42,20,80,2,27,4
4400,23,60,24,72,33,37,30,42,20,80,2,27,4
4401,42,16,42,72,33,37,30,42,20,80,2,27,4
4402,23,16,42,72,33,37,30,42,20,80,2,27,4
4403,42,60,42,72,33,37,30,42,20,80,2,27,4
4404,23,60,42,72,33,37,30,42,20,80,2,27,4
4405,42,16,24,49,33,37,30,42,20,80,2,27,4
4406,23,16,24,49,33,37,30,42,20,80,2,27,4
4407,42,60,24,49,33,37,30,42,20,80,2,27,4
4408,23,60,24,49,33,37,30,42,20,80,2,27,4
4409,42,16,42,49,33,37,30,42,20,80,2,27,4
4410,23,16,42,49,33,37,30,42,20,80,2,27,4
4411,42,60,42,49,33,37,30,42,20,80,2,27,4
4412,23,60,42,49,33,37,30,42,20,80,2,27,4
4413,42,16,24,72,97,36,30,42,20,80,2,27,4
4414,23,16,24,72,97,36,30,42,20,80,2,27,4
4415,42,60,24,72,97,36,30,42,20,80,2,27,4
4416,23,60,24,72,97,36,30,42,20,80,2,27,4
4417,42,16,42,72,97,36,30,42,20,80,2,27,4
4418,23,16,42,72,97,36,30,42,20,80,2,27,4
4419,42,60,42,72,97,36,30,42,20,80,2,27,4
4420,23,60,42,72,97,36,30,42,20,80,2,27,4
4421,42,16,24,49,97,36,30,42,20,80,2,27,4
4422,23,16,24,49,97,36,30,42,20,80,2,27,4
4423,42,60,24,49,97,36,30,42,20,80,2,27,4
4424,23,60,24,49,97,36,30,42,20,80,2,27,4
4425,42,16,42,49,97,36,30,42,20,80,2,27,4
4426,23,16,42,49,97,36,30,42,20,80,2,27,4
4427,42,60,42,49,97,36,30,42,20,80,2,27,4
4428,23,60,42,49,97,36,30,42,20,80,2,27,4
4429,42,16,24,72,33,36,30,42,20,80,2,27,4
4430,23,16,24,72,33,36,30,42,20,80,2,27,4
4431,42,60,24,72,33,36,30,42,20,80,2,27,4
4432,23,60,24,72,33,36,30,42,20,80,2,27,4
4433,42,16,42,72,33,36,30,42,20,80,2,27,4
4434,23,16,42,72,33,36,30,42,20,80,2,27,4
4435,42,60,42,72,33,36,30,42,20,80,2,27,4
4436,23,60,42,72,33,36,30,42,20,80,2,27,4
4437,42,16,24,49,33,36,30,42,20,80,2,27,4
4438,23,16,24,49,33,36,30,42,20,80,2,27,4
4439,42,60,24,49,33,36,30,42,20,80,2,27,4
4440,23,60,24,49,33,36,30,42,20,80,2,27,4
4441,42,16,42,49,33,36,30,42,20,80,2,27,4
4442,23,16,42,49,33,36,30,42,20,80,2,27,4
4443,42,60,42,49,33,36,30,42,20,80,2,27,4
4444,23,60,42,49,33,36,30,42,20,80,2,27,4
4445,23,16,24,72,97,37,44,78,66,21,2,27,4
4446,42,60,24,72,97,37,44,78,66,21,2,27,4
4447,23,60,24,72,97,37,44,78,66,21,2,27,4
4448,42,16,42,72,97,37,44,78,66,21,2,27,4
4449,23,16,42,72,97,37,44,78,66,21,2,27,4
4450,42,60,42,72,97,37,44,78,66,21,2,27,4
4451,23,60,42,72,97,37,44,78,66,21,2,27,4
4452,42,16,24,49,97,37,44,78,66,21,2,27,4
4453,23,16,24,49,97,37,44,78,66,21,2,27,4
4454,42,60,24,49,97,37,44,78,66,21,2,27,4
4455,23,60,24,49,97,37,44,78,66,21,2,27,4
4456,42,16,42,49,97,37,44,78,66,21,2,27,4
4457,23,16,42,49,97,37,44,78,66,21,2,27,4
4458,42,60,42,49,97,37,44,78,66,21,2,27,4
4459,23,60,42,49,97,37,44,78,66,21,2,27,4
4460,42,16,24,72,33,37,44,78,66,21,2,27,4
4461,23,16,24,72,33,37,44,78,66,21,2,27,4
4462,42,60,24,72,33,37,44,78,66,21,2,27,4
4463,23,60,24,72,33,37,44,78,66,21,2,27,4
4464,42,16,42,72,33,37,44,78,66,21,2,27,4
4465,23,16,42,72,33,37,44,78,66,21,2,27,4
4466,42,60,42,72,33,37,44,78,66,21,2,27,4
4467,23,60,42,72,33,37,44,78,66,21,2,27,4
4468,42,16,24,49,33,37,44,78,66,21,2,27,4
4469,23,16,24,49,33,37,44,78,66,21,2,27,4
4470,42,60,24,49,33,37,44,78,66,21,2,27,4
4471,23,60,24,49,33,37,44,78,66,21,2,27,4
4472,42,16,42,49,33,37,44,78,66,21,2,27,4
4473,23,16,42,49,33,37,44,78,66,21,2,27,4
4474,42,60,42,49,33,37,44,78,66,21,2,27,4
4475,23,60,42,49,33,37,44,78,66,21,2,27,4
4476,42,16,24,72,97,36,44,78,66,21,2,27,4
4477,23,16,24,72,97,36,44,78,66,21,2,27,4
4478,42,60,24,72,97,36,44,78,66,21,2,27,4
4479,23,60,24,72,97,36,44,78,66,21,2,27,4
4480,42,16,42,72,97,36,44,78,66,21,2,27,4
4481,23,16,42,72,97,36,44,78,66,21,2,27,4
4482,42,60,42,72,97,36,44,78,66,21,2,27,4
4483,23,60,42,72,97,36,44,78,66,21,2,27,4
4484,42,16,24,49,97,36,44,78,66,21,2,27,4
4485,23,16,24,49,97,36,44,78,66,21,2,27,4
4486,42,60,24,49,97,36,44,78,66,21,2,27,4
4487,23,60,24,49,97,36,44,78,66,21,2,27,4
4488,42,16,42,49,97,36,44,78,66,21,2,27,4
4489,23,16,42,49,97,36,44,78,66,21,2,27,4
4490,42,60,42,49,97,36,44,78,66,21,2,27,4
4491,23,60,42,49,97,36,44,78,66,21,2,27,4
4492,42,16,24,72,33,36,44,78,66,21,2,27,4
4493,23,16,24,72,33,36,44,78,66,21,2,27,4
4494,42,60,24,72,33,36,44,78,66,21,2,27,4
4495,23,60,24,72,33,36,44,78,66,21,2,27,4
4496,42,16,42,72,33,36,44,78,66,21,2,27,4
4497,23,16,42,72,33,36,44,78,66,21,2,27,4
4498,42,60,42,72,33,36,44,78,66,21,2,27,4
4499,23,60,42,72,33,36,44,78,66,21,2,27,4
4500,42,16,24,49,33,36,44,78,66,21,2,27,4
4501,23,16,24,49,33,36,44,78,66,21,2,27,4
4502,42,60,24,49,33,36,44,78,66,21,2,27,4
4503,23,60,24,49,33,36,44,78,66,21,2,27,4
4504,42,16,42,49,33,36,44,78,66,21,2,27,4
4505,23,16,42,49,33,36,44,78,66,21,2,27,4
4506,42,60,42,49,33,36,44,78,66,21,2,27,4
4507,23,60,42,49,33,36,44,78,66,21,2,27,4
4508,42,16,24,72,97,37,30,78,66,21,2,27,4
4509,23,16,24,72,97,37,30,78,66,21,2,27,4
4510,23,60,24,72,97,37,30,78,66,21,2,27,4
4511,42,16,42,72,97,37,30,78,66,21,2,27,4
4512,23,16,42,72,97,37,30,78,66,21,2,27,4
4513,42,60,42,72,97,37,30,78,66,21,2,27,4
4514,23,60,42,72,97,37,30,78,66,21,2,27,4
4515,42,16,24,49,97,37,30,78,66,21,2,27,4
4516,23,16,24,49,97,37,30,78,66,21,2,27,4
4517,23,60,24,49,97,37,30,78,66,21,2,27,4
4518,42,16,42,49,97,37,30,78,66,21,2,27,4
4519,23,16,42,49,97,37,30,78,66,21,2,27,4
4520,42,60,42,49,97,37,30,78,66,21,2,27,4
4521,23,60,42,49,97,37,30,78,66,21,2,27,4
4522,42,16,24,72,33,37,30,78,66,21,2,27,4
4523,23,16,24,72,33,37,30,78,66,21,2,27,4
4524,42,60,24,72,33,37,30,78,66,21,2,27,4
4525,23,60,24,72,33,37,30,78,66,21,2,27,4
4526,42,16,42,72,33,37,30,78,66,21,2,27,4
4527,23,16,42,72,33,37,30,78,66,21,2,27,4
4528,42,60,42,72,33,37,30,78,66,21,2,27,4
4529,23,60,42,72,33,37,30,78,66,21,2,27,4
4530,42,16,24,49,33,37,30,78,66,21,2,27,4
4531,23,16,24,49,33,37,30,78,66,21,2,27,4
4532,42,60,24,49,33,37,30,78,66,21,2,27,4
4533,23,60,24,49,33,37,30,78,66,21,2,27,4
4534,42,16,42,49,33,37,30,78,66,21,2,27,4
4535,23,16,42,49,33,37,30,78,66,21,2,27,4
4536,42,60,42,49,33,37,30,78,66,21,2,27,4
4537,23,60,42,49,33,37,30,78,66,21,2,27,4
4538,42,16,24,72,97,36,30,78,66,21,2,27,4
4539,23,16,24,72,97,36,30,78,66,21,2,27,4
4540,42,60,24,72,97,36,30,78,66,21,2,27,4
4541,23,60,24,72,97,36,30,78,66,21,2,27,4
4542,42,16,42,72,97,36,30,78,66,21,2,27,4
4543,23,16,42,72,97,36,30,78,66,21,2,27,4
4544,42,60,42,72,97,36,30,78,66,21,2,27,4
4545,23,60,42,72,97,36,30,78,66,21,2,27,4
4546,42,16,24,49,97,36,30,78,66,21,2,27,4
4547,23,16,24,49,97,36,30,78,66,21,2,27,4
4548,23,60,24,49,97,36,30,78,66,21,2,27,4
4549,42,16,42,49,97,36,30,78,66,21,2,27,4
4550,23,16,42,49,97,36,30,78,66,21,2,27,4
4551,42,60,42,49,97,36,30,78,66,21,2,27,4
4552,23,60,42,49,97,36,30,78,66,21,2,27,4
4553,42,16,24,72,33,36,30,78,66,21,2,27,4
4554,23,16,24,72,33,36,30,78,66,21,2,27,4
4555,42,60,24,72,33,36,30,78,66,21,2,27,4
4556,23,60,24,72,33,36,30,78,66,21,2,27,4
4557,42,16,42,72,33,36,30,78,66,21,2,27,4
4558,23,16,42,72,33,36,30,78,66,21,2,27,4
4559,42,60,42,72,33,36,30,78,66,21,2,27,4
4560,23,60,42,72,33,36,30,78,66,21,2,27,4
4561,42,16,24,49,33,36,30,78,66,21,2,27,4
4562,23,16,24,49,33,36,30,78,66,21,2,27,4
4563,42,60,24,49,33,36,30,78,66,21,2,27,4
4564,23,60,24,49,33,36,30,78,66,21,2,27,4
4565,42,16,42,49,33,36,30,78,66,21,2,27,4
4566,23,16,42,49,33,36,30,78,66,21,2,27,4
4567,42,60,42,49,33,36,30,78,66,21,2,27,4
4568,23,60,42,49,33,36,30,78,66,21,2,27,4
4569,42,16,24,72,97,37,44,42,66,21,2,27,4
4570,23,16,24,72,97,37,44,42,66,21,2,27,4
4571,42,60,24,72,97,37,44,42,66,21,2,27,4
4572,23,60,24,72,97,37,44,42,66,21,2,27,4
4573,42,16,42,72,97,37,44,42,66,21,2,27,4
4574,23,16,42,72,97,37,44,42,66,21,2,27,4
4575,42,60,42,72,97,37,44,42,66,21,2,27,4
4576,23,60,42,72,97,37,44,42,66,21,2,27,4
4577,42,16,24,49,97,37,44,42,66,21,2,27,4
4578,23,16,24,49,97,37,44,42,66,21,2,27,4
4579,42,60,24,49,97,37,44,42,66,21,2,27,4
4580,23,60,24,49,97,37,44,42,66,21,2,27,4
4581,42,16,42,49,97,37,44,42,66,21,2,27,4
4582,23,16,42,49,97,37,44,42,66,21,2,27,4
4583,42,60,42,49,97,37,44,42,66,21,2,27,4
4584,23,60,42,49,97,37,44,42,66,21,2,27,4
4585,42,16,24,72,33,37,44,42,66,21,2,27,4
4586,23,16,24,72,33,37,44,42,66,21,2,27,4
4587,42,60,24,72,33,37,44,42,66,21,2,27,4
4588,23,60,24,72,33,37,44,42,66,21,2,27,4
4589,42,16,42,72,33,37,44,42,66,21,2,27,4
4590,23,16,42,72,33,37,44,42,66,21,2,27,4
4591,42,60,42,72,33,37,44,42,66,21,2,27,4
4592,23,60,42,72,33,37,44,42,66,21,2,27,4
4593,42,16,24,49,33,37,44,42,66,21,2,27,4
4594,23,16,24,49,33,37,44,42,66,21,2,27,4
4595,42,60,24,49,33,37,44,42,66,21,2,27,4
4596,23,60,24,49,33,37,44,42,66,21,2,27,4
4597,42,16,42,49,33,37,44,42,66,21,2,27,4
4598,23,16,42,49,33,37,44,42,66,21,2,27,4
4599,42,60,42,49,33,37,44,42,66,21,2,27,4
4600,23,60,42,49,33,37,44,42,66,21,2,27,4
4601,23,16,24,72,97,36,44,42,66,21,2,27,4
4602,42,60,24,72,97,36,44,42,66,21,2,27,4
4603,23,60,24,72,97,36,44,42,66,21,2,27,4
4604,42,16,42,72,97,36,44,42,66,21,2,27,4
4605,23,16,42,72,97,36,44,42,66,21,2,27,4
4606,42,60,42,72,97,36,44,42,66,21,2,27,4
4607,23,60,42,72,97,36,44,42,66,21,2,27,4
4608,42,16,24,49,97,36,44,42,66,21,2,27,4
4609,23,16,24,49,97,36,44,42,66,21,2,27,4
4610,42,60,24,49,97,36,44,42,66,21,2,27,4
4611,23,60,24,49,97,36,44,42,66,21,2,27,4
4612,42,16,42,49,97,36,44,42,66,21,2,27,4
4613,23,16,42,49,97,36,44,42,66,21,2,27,4
4614,42,60,42,49,97,36,44,42,66,21,2,27,4
4615,23,60,42,49,97,36,44,42,66,21,2,27,4
4616,42,16,24,72,33,36,44,42,66,21,2,27,4
4617,23,16,24,72,33,36,44,42,66,21,2,27,4
4618,42,60,24,72,33,36,44,42,66,21,2,27,4
4619,23,60,24,72,33,36,44,42,66,21,2,27,4
4620,42,16,42,72,33,36,44,42,66,21,2,27,4
4621,23,16,42,72,33,36,44,42,66,21,2,27,4
4622,42,60,42,72,33,36,44,42,66,21,2,27,4
4623,23,60,42,72,33,36,44,42,66,21,2,27,4
4624,42,16,24,49,33,36,44,42,66,21,2,27,4
4625,23,16,24,49,33,36,44,42,66,21,2,27,4
4626,42,60,24,49,33,36,44,42,66,21,2,27,4
4627,23,60,24,49,33,36,44,42,66,21,2,27,4
4628,42,16,42,49,33,36,44,42,66,21,2,27,4
4629,23,16,42,49,33,36,44,42,66,21,2,27,4
4630,42,60,42,49,33,36,44,42,66,21,2,27,4
4631,23,60,42,49,33,36,44,42,66,21,2,27,4
4632,42,16,24,72,97,37,30,42,66,21,2,27,4
4633,23,16,24,72,97,37,30,42,66,21,2,27,4
4634,42,60,24,72,97,37,30,42,66,21,2,27,4
4635,23,60,24,72,97,37,30,42,66,21,2,27,4
4636,42,16,42,72,97,37,30,42,66,21,2,27,4
4637,23,16,42,72,97,37,30,42,66,21,2,27,4
4638,42,60,42,72,97,37,30,42,66,21,2,27,4
4639,23,60,42,72,97,37,30,42,66,21,2,27,4
4640,42,16,24,49,97,37,30,42,66,21,2,27,4
4641,23,16,24,49,97,37,30,42,66,21,2,27,4
4642,42,60,24,49,97,37,30,42,66,21,2,27,4
4643,23,60,24,49,97,37,30,42,66,21,2,27,4
4644,42,16,42,49,97,37,30,42,66,21,2,27,4
4645,23,16,42,49,97,37,30,42,66,21,2,27,4
4646,42,60,42,49,97,37,30,42,66,21,2,27,4
4647,23,60,42,49,97,37,30,42,66,21,2,27,4
4648,42,16,24,72,33,37,30,42,66,21,2,27,4
4649,23,16,24,72,33,37,30,42,66,21,2,27,4
4650,42,60,24,72,33,37,30,42,66,21,2,27,4
4651,23,60,24,72,33,37,30,42,66,21,2,27,4
4652,42,16,42,72,33,37,30,42,66,21,2,27,4
4653,23,16,42,72,33,37,30,42,66,21,2,27,4
4654,42,60,42,72,33,37,30,42,66,21,2,27,4
4655,23,60,42,72,33,37,30,42,66,21,2,27,4
4656,42,16,24,49,33,37,30,42,66,21,2,27,4
4657,23,16,24,49,33,37,30,42,66,21,2,27,4
4658,42,60,24,49,33,37,30,42,66,21,2,27,4
4659,23,60,24,49,33,37,30,42,66,21,2,27,4
4660,42,16,42,49,33,37,30,42,66,21,2,27,4
4661,23,16,42,49,33,37,30,42,66,21,2,27,4
4662,42,60,42,49,33,37,30,42,66,21,2,27,4
4663,23,60,42,49,33,37,30,42,66,21,2,27,4
4664,42,16,24,72,97,36,30,42,66,21,2,27,4
4665,23,16,24,72,97,36,30,42,66,21,2,27,4
4666,42,60,24,72,97,36,30,42,66,21,2,27,4
4667,23,60,24,72,97,36,30,42,66,21,2,27,4
4668,42,16,42,72,97,36,30,42,66,21,2,27,4
4669,23,16,42,72,97,36,30,42,66,21,2,27,4
4670,42,60,42,72,97,36,30,42,66,21,2,27,4
4671,23,60,42,72,97,36,30,42,66,21,2,27,4
4672,42,16,24,49,97,36,30,42,66,21,2,27,4
4673,23,16,24,49,97,36,30,42,66,21,2,27,4
4674,42,60,24,49,97,36,30,42,66,21,2,27,4
4675,23,60,24,49,97,36,30,42,66,21,2,27,4
4676,42,16,42,49,97,36,30,42,66,21,2,27,4
4677,23,16,42,49,97,36,30,42,66,21,2,27,4
4678,42,60,42,49,97,36,30,42,66,21,2,27,4
4679,23,60,42,49,97,36,30,42,66,21,2,27,4
4680,42,16,24,72,33,36,30,42,66,21,2,27,4
4681,23,16,24,72,33,36,30,42,66,21,2,27,4
4682,42,60,24,72,33,36,30,42,66,21,2,27,4
4683,23,60,24,72,33,36,30,42,66,21,2,27,4
4684,42,16,42,72,33,36,30,42,66,21,2,27,4
4685,23,16,42,72,33,36,30,42,66,21,2,27,4
4686,42,60,42,72,33,36,30,42,66,21,2,27,4
4687,23,60,42,72,33,36,30,42,66,21,2,27,4
4688,42,16,24,49,33,36,30,42,66,21,2,27,4
4689,23,16,24,49,33,36,30,42,66,21,2,27,4
4690,42,60,24,49,33,36,30,42,66,21,2,27,4
4691,23,60,24,49,33,36,30,42,66,21,2,27,4
4692,42,16,42,49,33,36,30,42,66,21,2,27,4
4693,23,16,42,49,33,36,30,42,66,21,2,27,4
4694,42,60,42,49,33,36,30,42,66,21,2,27,4
4695,23,60,42,49,33,36,30,42,66,21,2,27,4
4696,42,16,24,72,97,37,44,78,20,21,2,27,4
4697,23,16,24,72,97,37,44,78,20,21,2,27,4
4698,42,60,24,72,97,37,44,78,20,21,2,27,4
4699,23,60,24,72,97,37,44,78,20,21,2,27,4
4700,42,16,42,72,97,37,44,78,20,21,2,27,4
4701,23,16,42,72,97,37,44,78,20,21,2,27,4
4702,42,60,42,72,97,37,44,78,20,21,2,27,4
4703,23,60,42,72,97,37,44,78,20,21,2,27,4
4704,42,16,24,49,97,37,44,78,20,21,2,27,4
4705,23,16,24,49,97,37,44,78,20,21,2,27,4
4706,23,60,24,49,97,37,44,78,20,21,2,27,4
4707,42,16,42,49,97,37,44,78,20,21,2,27,4
4708,23,16,42,49,97,37,44,78,20,21,2,27,4
4709,42,60,42,49,97,37,44,78,20,21,2,27,4
4710,23,60,42,49,97,37,44,78,20,21,2,27,4
4711,42,16,24,72,33,37,44,78,20,21,2,27,4
4712,23,16,24,72,33,37,44,78,20,21,2,27,4
4713,42,60,24,72,33,37,44,78,20,21,2,27,4
4714,23,60,24,72,33,37,44,78,20,21,2,27,4
4715,42,16,42,72,33,37,44,78,20,21,2,27,4
4716,23,16,42,72,33,37,44,78,20,21,2,27,4
4717,42,60,42,72,33,37,44,78,20,21,2,27,4
4718,23,60,42,72,33,37,44,78,20,21,2,27,4
4719,42,16,24,49,33,37,44,78,20,21,2,27,4
4720,23,16,24,49,33,37,44,78,20,21,2,27,4
4721,42,60,24,49,33,37,44,78,20,21,2,27,4
4722,23,60,24,49,33,37,44,78,20,21,2,27,4
4723,42,16,42,49,33,37,44,78,20,21,2,27,4
4724,23,16,42,49,33,37,44,78,20,21,2,27,4
4725,42,60,42,49,33,37,44,78,20,21,2,27,4
4726,23,60,42,49,33,37,44,78,20,21,2,27,4
4727,42,16,24,72,97,36,44,78,20,21,2,27,4
4728,23,16,24,72,97,36,44,78,20,21,2,27,4
4729,42,60,24,72,97,36,44,78,20,21,2,27,4
4730,23,60,24,72,97,36,44,78,20,21,2,27,4
4731,42,16,42,72,97,36,44,78,20,21,2,27,4
4732,23,16,42,72,97,36,44,78,20,21,2,27,4
4733,42,60,42,72,97,36,44,78,20,21,2,27,4
4734,23,60,42,72,97,36,44,78,20,21,2,27,4
4735,42,16,24,49,97,36,44,78,20,21,2,27,4
4736,23,16,24,49,97,36,44,78,20,21,2,27,4
4737,42,60,24,49,97,36,44,78,20,21,2,27,4
4738,23,60,24,49,97,36,44,78,20,21,2,27,4
4739,42,16,42,49,97,36,44,78,20,21,2,27,4
4740,23,16,42,49,97,36,44,78,20,21,2,27,4
4741,42,60,42,49,97,36,44,78,20,21,2,27,4
4742,23,60,42,49,97,36,44,78,20,21,2,27,4
4743,42,16,24,72,33,36,44,78,20,21,2,27,4
4744,23,16,24,72,33,36,44,78,20,21,2,27,4
4745,42,60,24,72,33,36,44,78,20,21,2,27,4
4746,23,60,24,72,33,36,44,78,20,21,2,27,4
4747,42,16,42,72,33,36,44,78,20,21,2,27,4
4748,23,16,42,72,33,36,44,78,20,21,2,27,4
4749,42,60,42,72,33,36,44,78,20,21,2,27,4
4750,23,60,42,72,33,36,44,78,20,21,2,27,4
4751,42,16,24,49,33,36,44,78,20,21,2,27,4
4752,23,16,24,49,33,36,44,78,20,21,2,27,4
4753,42,60,24,49,33,36,44,78,20,21,2,27,4
4754,23,60,24,49,33,36,44,78,20,21,2,27,4
4755,42,16,42,49,33,36,44,78,20,21,2,27,4
4756,23,16,42,49,33,36,44,78,20,21,2,27,4
4757,42,60,42,49,33,36,44,78,20,21,2,27,4
4758,23,60,42,49,33,36,44,78,20,21,2,27,4
4759,42,16,24,72,97,37,30,78,20,21,2,27,4
4760,42,60,24,72,97,37,30,78,20,21,2,27,4
4761,42,16,42,72,97,37,30,78,20,21,2,27,4
4762,23,16,42,72,97,37,30,78,20,21,2,27,4
4763,42,60,42,72,97,37,30,78,20,21,2,27,4
4764,23,60,42,72,97,37,30,78,20,21,2,27,4
4765,42,16,24,49,97,37,30,78,20,21,2,27,4
4766,23,16,24,49,97,37,30,78,20,21,2,27,4
4767,23,60,24,49,97,37,30,78,20,21,2,27,4
4768,42,16,42,49,97,37,30,78,20,21,2,27,4
4769,23,16,42,49,97,37,30,78,20,21,2,27,4
4770,42,60,42,49,97,37,30,78,20,21,2,27,4
4771,23,60,42,49,97,37,30,78,20,21,2,27,4
4772,42,16,24,72,33,37,30,78,20,21,2,27,4
4773,23,16,24,72,33,37,30,78,20,21,2,27,4
4774,42,60,24,72,33,37,30,78,20,21,2,27,4
4775,23,60,24,72,33,37,30,78,20,21,2,27,4
4776,42,16,42,72,33,37,30,78,20,21,2,27,4
4777,23,16,42,72,33,37,30,78,20,21,2,27,4
4778,42,60,42,72,33,37,30,78,20,21,2,27,4
4779,23,60,42,72,33,37,30,78,20,21,2,27,4
4780,42,16,24,49,33,37,30,78,20,21,2,27,4
4781,23,16,24,49,33,37,30,78,20,21,2,27,4
4782,42,60,24,49,33,37,30,78,20,21,2,27,4
4783,23,60,24,49,33,37,30,78,20,21,2,27,4
4784,42,16,42,49,33,37,30,78,20,21,2,27,4
4785,23,16,42,49,33,37,30,78,20,21,2,27,4
4786,42,60,42,49,33,37,30,78,20,21,2,27,4
4787,23,60,42,49,33,37,30,78,20,21,2,27,4
4788,42,16,24,72,97,36,30,78,20,21,2,27,4
4789,23,16,24,72,97,36,30,78,20,21,2,27,4
4790,42,60,24,72,97,36,30,78,20,21,2,27,4
4791,23,60,24,72,97,36,30,78,20,21,2,27,4
4792,42,16,42,72,97,36,30,78,20,21,2,27,4
4793,23,16,42,72,97,36,30,78,20,21,2,27,4
4794,42,60,42,72,97,36,30,78,20,21,2,27,4
4795,23,60,42,72,97,36,30,78,20,21,2,27,4
4796,42,16,24,49,97,36,30,78,20,21,2,27,4
4797,23,16,24,49,97,36,30,78,20,21,2,27,4
4798,42,60,24,49,97,36,30,78,20,21,2,27,4
4799,23,60,24,49,97,36,30,78,20,21,2,27,4
4800,42,16,42,49,97,36,30,78,20,21,2,27,4
4801,23,16,42,49,97,36,30,78,20,21,2,27,4
4802,23,60,42,49,97,36,30,78,20,21,2,27,4
4803,42,16,24,72,33,36,30,78,20,21,2,27,4
4804,23,16,24,72,33,36,30,78,20,21,2,27,4
4805,42,60,24,72,33,36,30,78,20,21,2,27,4
4806,23,60,24,72,33,36,30,78,20,21,2,27,4
4807,42,16,42,72,33,36,30,78,20,21,2,27,4
4808,23,16,42,72,33,36,30,78,20,21,2,27,4
4809,42,60,42,72,33,36,30,78,20,21,2,27,4
4810,23,60,42,72,33,36,30,78,20,21,2,27,4
4811,42,16,24,49,33,36,30,78,20,21,2,27,4
4812,23,16,24,49,33,36,30,78,20,21,2,27,4
4813,42,60,24,49,33,36,30,78,20,21,2,27,4
4814,23,60,24,49,33,36,30,78,20,21,2,27,4
4815,42,16,42,49,33,36,30,78,20,21,2,27,4
4816,23,16,42,49,33,36,30,78,20,21,2,27,4
4817,42,60,42,49,33,36,30,78,20,21,2,27,4
4818,23,60,42,49,33,36,30,78,20,21,2,27,4
4819,42,16,24,72,97,37,44,42,20,21,2,27,4
4820,23,16,24,72,97,37,44,42,20,21,2,27,4
4821,42,60,24,72,97,37,44,42,20,21,2,27,4
4822,23,60,24,72,97,37,44,42,20,21,2,27,4
4823,42,16,42,72,97,37,44,42,20,21,2,27,4
4824,23,16,42,72,97,37,44,42,20,21,2,27,4
4825,42,60,42,72,97,37,44,42,20,21,2,27,4
4826,23,60,42,72,97,37,44,42,20,21,2,27,4
4827,42,16,24,49,97,37,44,42,20,21,2,27,4
4828,23,16,24,49,97,37,44,42,20,21,2,27,4
4829,42,60,24,49,97,37,44,42,20,21,2,27,4
4830,23,60,24,49,97,37,44,42,20,21,2,27,4
4831,42,16,42,49,97,37,44,42,20,21,2,27,4
4832,23,16,42,49,97,37,44,42,20,21,2,27,4
4833,42,60,42,49,97,37,44,42,20,21,2,27,4
4834,23,60,42,49,97,37,44,42,20,21,2,27,4
4835,42,16,24,72,33,37,44,42,20,21,2,27,4
4836,23,16,24,72,33,37,44,42,20,21,2,27,4
4837,42,60,24,72,33,37,44,42,20,21,2,27,4
4838,23,60,24,72,33,37,44,42,20,21,2,27,4
4839,42,16,42,72,33,37,44,42,20,21,2,27,4
4840,23,16,42,72,33,37,44,42,20,21,2,27,4
4841,42,60,42,72,33,37,44,42,20,21,2,27,4
4842,23,60,42,72,33,37,44,42,20,21,2,27,4
4843,42,16,24,49,33,37,44,42,20,21,2,27,4
4844,23,16,24,49,33,37,44,42,20,21,2,27,4
4845,42,60,24,49,33,37,44,42,20,21,2,27,4
4846,23,60,24,49,33,37,44,42,20,21,2,27,4
4847,42,16,42,49,33,37,44,42,20,21,2,27,4
4848,23,16,42,49,33,37,44,42,20,21,2,27,4
4849,42,60,42,49,33,37,44,42,20,21,2,27,4
4850,23,60,42,49,33,37,44,42,20,21,2,27,4
4851,42,16,24,72,97,36,44,42,20,21,2,27,4
4852,23,16,24,72,97,36,44,42,20,21,2,27,4
4853,42,60,24,72,97,36,44,42,20,21,2,27,4
4854,23,60,24,72,97,36,44,42,20,21,2,27,4
4855,42,16,42,72,97,36,44,42,20,21,2,27,4
4856,23,16,42,72,97,36,44,42,20,21,2,27,4
4857,42,60,42,72,97,36,44,42,20,21,2,27,4
4858,23,60,42,72,97,36,44,42,20,21,2,27,4
4859,42,16,24,49,97,36,44,42,20,21,2,27,4
4860,23,16,24,49,97,36,44,42,20,21,2,27,4
4861,42,60,24,49,97,36,44,42,20,21,2,27,4
4862,23,60,24,49,97,36,44,42,20,21,2,27,4
4863,42,16,42,49,97,36,44,42,20,21,2,27,4
4864,23,16,42,49,97,36,44,42,20,21,2,27,4
4865,42,60,42,49,97,36,44,42,20,21,2,27,4
4866,23,60,42,49,97,36,44,42,20,21,2,27,4
4867,42,16,24,72,33,36,44,42,20,21,2,27,4
4868,23,16,24,72,33,36,44,42,20,21,2,27,4
4869,42,60,24,72,33,36,44,42,20,21,2,27,4
4870,23,60,24,72,33,36,44,42,20,21,2,27,4
4871,42,16,42,72,33,36,44,42,20,21,2,27,4
4872,23,16,42,72,33,36,44,42,20,21,2,27,4
4873,42,60,42,72,33,36,44,42,20,21,2,27,4
4874,23,60,42,72,33,36,44,42,20,21,2,27,4
4875,42,16,24,49,33,36,44,42,20,21,2,27,4
4876,23,16,24,49,33,36,44,42,20,21,2,27,4
4877,42,60,24,49,33,36,44,42,20,21,2,27,4
4878,23,60,24,49,33,36,44,42,20,21,2,27,4
4879,42,16,42,49,33,36,44,42,20,21,2,27,4
4880,23,16,42,49,33,36,44,42,20,21,2,27,4
4881,42,60,42,49,33,36,44,42,20,21,2,27,4
4882,23,60,42,49,33,36,44,42,20,21,2,27,4
4883,42,16,24,72,97,37,30,42,20,21,2,27,4
4884,23,16,24,72,97,37,30,42,20,21,2,27,4
4885,42,60,24,72,97,37,30,42,20,21,2,27,4
4886,23,60,24,72,97,37,30,42,20,21,2,27,4
4887,42,16,42,72,97,37,30,42,20,21,2,27,4
4888,23,16,42,72,97,37,30,42,20,21,2,27,4
4889,42,60,42,72,97,37,30,42,20,21,2,27,4
4890,23,60,42,72,97,37,30,42,20,21,2,27,4
4891,42,16,24,49,97,37,30,42,20,21,2,27,4
4892,23,16,24,49,97,37,30,42,20,21,2,27,4
4893,42,60,24,49,97,37,30,42,20,21,2,27,4
4894,23,60,24,49,97,37,30,42,20,21,2,27,4
4895,42,16,42,49,97,37,30,42,20,21,2,27,4
4896,23,16,42,49,97,37,30,42,20,21,2,27,4
4897,42,60,42,49,97,37,30,42,20,21,2,27,4
4898,23,60,42,49,97,37,30,42,20,21,2,27,4
4899,42,16,24,72,33,37,30,42,20,21,2,27,4
4900,23,16,24,72,33,37,30,42,20,21,2,27,4
4901,42,60,24,72,33,37,30,42,20,21,2,27,4
4902,23,60,24,72,33,37,30,42,20,21,2,27,4
4903,42,16,42,72,33,37,30,42,20,21,2,27,4
4904,23,16,42,72,33,37,30,42,20,21,2,27,4
4905,42,60,42,72,33,37,30,42,20,21,2,27,4
4906,23,60,42,72,33,37,30,42,20,21,2,27,4
4907,42,16,24,49,33,37,30,42,20,21,2,27,4
4908,23,16,24,49,33,37,30,42,20,21,2,27,4
4909,42,60,24,49,33,37,30,42,20,21,2,27,4
4910,23,60,24,49,33,37,30,42,20,21,2,27,4
4911,42,16,42,49,33,37,30,42,20,21,2,27,4
4912,23,16,42,49,33,37,30,42,20,21,2,27,4
4913,42,60,42,49,33,37,30,42,20,21,2,27,4
4914,23,60,42,49,33,37,30,42,20,21,2,27,4
4915,42,16,24,72,97,36,30,42,20,21,2,27,4
4916,23,16,24,72,97,36,30,42,20,21,2,27,4
4917,42,60,24,72,97,36,30,42,20,21,2,27,4
4918,23,60,24,72,97,36,30,42,20,21,2,27,4
4919,42,16,42,72,97,36,30,42,20,21,2,27,4
4920,23,16,42,72,97,36,30,42,20,21,2,27,4
4921,42,60,42,72,97,36,30,42,20,21,2,27,4
4922,23,60,42,72,97,36,30,42,20,21,2,27,4
4923,42,16,24,49,97,36,30,42,20,21,2,27,4
4924,23,16,24,49,97,36,30,42,20,21,2,27,4
4925,42,60,24,49,97,36,30,42,20,21,2,27,4
4926,23,60,24,49,97,36,30,42,20,21,2,27,4
4927,42,16,42,49,97,36,30,42,20,21,2,27,4
4928,23,16,42,49,97,36,30,42,20,21,2,27,4
4929,42,60,42,49,97,36,30,42,20,21,2,27,4
4930,23,60,42,49,97,36,30,42,20,21,2,27,4
4931,42,16,24,72,33,36,30,42,20,21,2,27,4
4932,23,16,24,72,33,36,30,42,20,21,2,27,4
4933,42,60,24,72,33,36,30,42,20,21,2,27,4
4934,23,60,24,72,33,36,30,42,20,21,2,27,4
4935,42,16,42,72,33,36,30,42,20,21,2,27,4
4936,23,16,42,72,33,36,30,42,20,21,2,27,4
4937,42,60,42,72,33,36,30,42,20,21,2,27,4
4938,23,60,42,72,33,36,30,42,20,21,2,27,4
4939,42,16,24,49,33,36,30,42,20,21,2,27,4
4940,23,16,24,49,33,36,30,42,20,21,2,27,4
4941,42,60,24,49,33,36,30,42,20,21,2,27,4
4942,23,60,24,49,33,36,30,42,20,21,2,27,4
4943,42,16,42,49,33,36,30,42,20,21,2,27,4
4944,23,16,42,49,33,36,30,42,20,21,2,27,4
4945,42,60,42,49,33,36,30,42,20,21,2,27,4
4946,23,60,42,49,33,36,30,42,20,21,2,27,4
4947,23,16,24,72,97,37,44,78,66,80,59,27,4
4948,23,60,24,72,97,37,44,78,66,80,59,27,4
4949,42,16,42,72,97,37,44,78,66,80,59,27,4
4950,23,16,42,72,97,37,44,78,66,80,59,27,4
4951,42,60,42,72,97,37,44,78,66,80,59,27,4
4952,23,60,42,72,97,37,44,78,66,80,59,27,4
4953,42,16,24,49,97,37,44,78,66,80,59,27,4
4954,23,16,24,49,97,37,44,78,66,80,59,27,4
4955,42,60,24,49,97,37,44,78,66,80,59,27,4
4956,23,60,24,49,97,37,44,78,66,80,59,27,4
4957,42,16,42,49,97,37,44,78,66,80,59,27,4
4958,23,16,42,49,97,37,44,78,66,80,59,27,4
4959,42,60,42,49,97,37,44,78,66,80,59,27,4
4960,23,60,42,49,97,37,44,78,66,80,59,27,4
4961,42,16,24,72,33,37,44,78,66,80,59,27,4
4962,23,16,24,72,33,37,44,78,66,80,59,27,4
4963,42,60,24,72,33,37,44,78,66,80,59,27,4
4964,23,60,24,72,33,37,44,78,66,80,59,27,4
4965,42,16,42,72,33,37,44,78,66,80,59,27,4
4966,23,16,42,72,33,37,44,78,66,80,59,27,4
4967,42,60,42,72,33,37,44,78,66,80,59,27,4
4968,23,60,42,72,33,37,44,78,66,80,59,27,4
4969,42,16,24,49,33,37,44,78,66,80,59,27,4
4970,23,16,24,49,33,37,44,78,66,80,59,27,4
4971,42,60,24,49,33,37,44,78,66,80,59,27,4
4972,23,60,24,49,33,37,44,78,66,80,59,27,4
4973,42,16,42,49,33,37,44,78,66,80,59,27,4
4974,23,16,42,49,33,37,44,78,66,80,59,27,4
4975,42,60,42,49,33,37,44,78,66,80,59,27,4
4976,23,60,42,49,33,37,44,78,66,80,59,27,4
4977,42,16,24,72,97,36,44,78,66,80,59,27,4
4978,23,16,24,72,97,36,44,78,66,80,59,27,4
4979,23,60,24,72,97,36,44,78,66,80,59,27,4
4980,42,16,42,72,97,36,44,78,66,80,59,27,4
4981,23,16,42,72,97,36,44,78,66,80,59,27,4
4982,42,60,42,72,97,36,44,78,66,80,59,27,4
4983,23,60,42,72,97,36,44,78,66,80,59,27,4
4984,42,16,24,49,97,36,44,78,66,80,59,27,4
4985,23,16,24,49,97,36,44,78,66,80,59,27,4
4986,42,60,24,49,97,36,44,78,66,80,59,27,4
4987,23,60,24,49,97,36,44,78,66,80,59,27,4
4988,42,16,42,49,97,36,44,78,66,80,59,27,4
4989,23,16,42,49,97,36,44,78,66,80,59,27,4
4990,42,60,42,49,97,36,44,78,66,80,59,27,4
4991,23,60,42,49,97,36,44,78,66,80,59,27,4
4992,42,16,24,72,33,36,44,78,66,80,59,27,4
4993,23,16,24,72,33,36,44,78,66,80,59,27,4
4994,42,60,24,72,33,36,44,78,66,80,59,27,4
4995,23,60,24,72,33,36,44,78,66,80,59,27,4
4996,23,16,42,72,33,36,44,78,66,80,59,27,4
4997,42,60,42,72,33,36,44,78,66,80,59,27,4
4998,23,60,42,72,33,36,44,78,66,80,59,27,4
4999,42,16,24,49,33,36,44,78,66,80,59,27,4
5000,23,16,24,49,33,36,44,78,66,80,59,27,4
5001,23,60,24,49,33,36,44,78,66,80,59,27,4
5002,42,16,42,49,33,36,44,78,66,80,59,27,4
5003,23,16,42,49,33,36,44,78,66,80,59,27,4
5004,42,60,42,49,33,36,44,78,66,80,59,27,4
5005,23,60,42,49,33,36,44,78,66,80,59,27,4
5006,23,16,24,72,97,37,30,78,66,80,59,27,4
5007,42,60,24,72,97,37,30,78,66,80,59,27,4
5008,23,60,24,72,97,37,30,78,66,80,59,27,4
5009,42,16,42,72,97,37,30,78,66,80,59,27,4
5010,23,16,42,72,97,37,30,78,66,80,59,27,4
5011,42,60,42,72,97,37,30,78,66,80,59,27,4
5012,23,60,42,72,97,37,30,78,66,80,59,27,4
5013,42,16,24,49,97,37,30,78,66,80,59,27,4
5014,23,16,24,49,97,37,30,78,66,80,59,27,4
5015,42,60,24,49,97,37,30,78,66,80,59,27,4
5016,23,60,24,49,97,37,30,78,66,80,59,27,4
5017,42,16,42,49,97,37,30,78,66,80,59,27,4
5018,23,16,42,49,97,37,30,78,66,80,59,27,4
5019,23,60,42,49,97,37,30,78,66,80,59,27,4
5020,42,16,24,72,33,37,30,78,66,80,59,27,4
5021,23,16,24,72,33,37,30,78,66,80,59,27,4
5022,42,60,24,72,33,37,30,78,66,80,59,27,4
5023,23,60,24,72,33,37,30,78,66,80,59,27,4
5024,42,16,42,72,33,37,30,78,66,80,59,27,4
5025,23,16,42,72,33,37,30,78,66,80,59,27,4
5026,42,60,42,72,33,37,30,78,66,80,59,27,4
5027,23,60,42,72,33,37,30,78,66,80,59,27,4
5028,23,16,24,49,33,37,30,78,66,80,59,27,4
5029,42,60,24,49,33,37,30,78,66,80,59,27,4
5030,23,60,24,49,33,37,30,78,66,80,59,27,4
5031,42,16,42,49,33,37,30,78,66,80,59,27,4
5032,23,16,42,49,33,37,30,78,66,80,59,27,4
5033,42,60,42,49,33,37,30,78,66,80,59,27,4
5034,23,60,42,49,33,37,30,78,66,80,59,27,4
5035,42,16,24,72,97,36,30,78,66,80,59,27,4
5036,23,16,24,72,97,36,30,78,66,80,59,27,4
5037,42,60,24,72,97,36,30,78,66,80,59,27,4
5038,23,60,24,72,97,36,30,78,66,80,59,27,4
5039,42,16,42,72,97,36,30,78,66,80,59,27,4
5040,23,16,42,72,97,36,30,78,66,80,59,27,4
5041,42,60,42,72,97,36,30,78,66,80,59,27,4
5042,23,60,42,72,97,36,30,78,66,80,59,27,4
5043,42,16,24,49,97,36,30,78,66,80,59,27,4
5044,23,16,24,49,97,36,30,78,66,80,59,27,4
5045,23,60,24,49,97,36,30,78,66,80,59,27,4
5046,42,16,42,49,97,36,30,78,66,80,59,27,4
5047,23,16,42,49,97,36,30,78,66,80,59,27,4
5048,42,60,42,49,97,36,30,78,66,80,59,27,4
5049,23,60,42,49,97,36,30,78,66,80,59,27,4
5050,42,16,24,72,33,36,30,78,66,80,59,27,4
5051,23,16,24,72,33,36,30,78,66,80,59,27,4
5052,42,60,24,72,33,36,30,78,66,80,59,27,4
5053,23,60,24,72,33,36,30,78,66,80,59,27,4
5054,42,16,42,72,33,36,30,78,66,80,59,27,4
5055,23,16,42,72,33,36,30,78,66,80,59,27,4
5056,42,60,42,72,33,36,30,78,66,80,59,27,4
5057,23,60,42,72,33,36,30,78,66,80,59,27,4
5058,42,16,24,49,33,36,30,78,66,80,59,27,4
5059,23,16,24,49,33,36,30,78,66,80,59,27,4
5060,42,60,24,49,33,36,30,78,66,80,59,27,4
5061,23,60,24,49,33,36,30,78,66,80,59,27,4
5062,23,16,42,49,33,36,30,78,66,80,59,27,4
5063,42,60,42,49,33,36,30,78,66,80,59,27,4
5064,23,60,42,49,33,36,30,78,66,80,59,27,4
5065,42,16,24,72,97,37,44,42,66,80,59,27,4
5066,23,16,24,72,97,37,44,42,66,80,59,27,4
5067,42,60,24,72,97,37,44,42,66,80,59,27,4
5068,23,60,24,72,97,37,44,42,66,80,59,27,4
5069,42,16,42,72,97,37,44,42,66,80,59,27,4
5070,23,16,42,72,97,37,44,42,66,80,59,27,4
5071,23,60,42,72,97,37,44,42,66,80,59,27,4
5072,42,16,24,49,97,37,44,42,66,80,59,27,4
5073,23,16,24,49,97,37,44,42,66,80,59,27,4
5074,42,60,24,49,97,37,44,42,66,80,59,27,4
5075,23,60,24,49,97,37,44,42,66,80,59,27,4
5076,42,16,42,49,97,37,44,42,66,80,59,27,4
5077,23,16,42,49,97,37,44,42,66,80,59,27,4
5078,42,60,42,49,97,37,44,42,66,80,59,27,4
5079,23,60,42,49,97,37,44,42,66,80,59,27,4
5080,42,16,24,72,33,37,44,42,66,80,59,27,4
5081,23,16,24,72,33,37,44,42,66,80,59,27,4
5082,42,60,24,72,33,37,44,42,66,80,59,27,4
5083,23,60,24,72,33,37,44,42,66,80,59,27,4
5084,42,16,42,72,33,37,44,42,66,80,59,27,4
5085,23,16,42,72,33,37,44,42,66,80,59,27,4
5086,42,60,42,72,33,37,44,42,66,80,59,27,4
5087,23,60,42,72,33,37,44,42,66,80,59,27,4
5088,42,16,24,49,33,37,44,42,66,80,59,27,4
5089,23,16,24,49,33,37,44,42,66,80,59,27,4
5090,42,60,24,49,33,37,44,42,66,80,59,27,4
5091,23,60,24,49,33,37,44,42,66,80,59,27,4
5092,42,16,42,49,33,37,44,42,66,80,59,27,4
5093,23,16,42,49,33,37,44,42,66,80,59,27,4
5094,42,60,42,49,33,37,44,42,66,80,59,27,4
5095,23,60,42,49,33,37,44,42,66,80,59,27,4
5096,42,16,24,72,97,36,44,42,66,80,59,27,4
5097,23,16,24,72,97,36,44,42,66,80,59,27,4
5098,42,60,24,72,97,36,44,42,66,80,59,27,4
5099,23,60,24,72,97,36,44,42,66,80,59,27,4
5100,42,16,42,72,97,36,44,42,66,80,59,27,4
5101,23,16,42,72,97,36,44,42,66,80,59,27,4
5102,42,60,42,72,97,36,44,42,66,80,59,27,4
5103,23,60,42,72,97,36,44,42,66,80,59,27,4
5104,42,16,24,49,97,36,44,42,66,80,59,27,4
5105,23,16,24,49,97,36,44,42,66,80,59,27,4
5106,42,60,24,49,97,36,44,42,66,80,59,27,4
5107,23,60,24,49,97,36,44,42,66,80,59,27,4
5108,42,16,42,49,97,36,44,42,66,80,59,27,4
5109,23,16,42,49,97,36,44,42,66,80,59,27,4
5110,42,60,42,49,97,36,44,42,66,80,59,27,4
5111,23,60,42,49,97,36,44,42,66,80,59,27,4
5112,42,16,24,72,33,36,44,42,66,80,59,27,4
5113,23,16,24,72,33,36,44,42,66,80,59,27,4
5114,42,60,24,72,33,36,44,42,66,80,59,27,4
5115,23,60,24,72,33,36,44,42,66,80,59,27,4
5116,42,16,42,72,33,36,44,42,66,80,59,27,4
5117,23,16,42,72,33,36,44,42,66,80,59,27,4
5118,42,60,42,72,33,36,44,42,66,80,59,27,4
5119,23,60,42,72,33,36,44,42,66,80,59,27,4
5120,42,16,24,49,33,36,44,42,66,80,59,27,4
5121,23,16,24,49,33,36,44,42,66,80,59,27,4
5122,42,60,24,49,33,36,44,42,66,80,59,27,4
5123,23,60,24,49,33,36,44,42,66,80,59,27,4
5124,42,16,42,49,33,36,44,42,66,80,59,27,4
5125,23,16,42,49,33,36,44,42,66,80,59,27,4
5126,42,60,42,49,33,36,44,42,66,80,59,27,4
5127,23,60,42,49,33,36,44,42,66,80,59,27,4
5128,42,16,24,72,97,37,30,42,66,80,59,27,4
5129,23,16,24,72,97,37,30,42,66,80,59,27,4
5130,42,60,24,72,97,37,30,42,66,80,59,27,4
5131,23,60,24,72,97,37,30,42,66,80,59,27,4
5132,42,16,42,72,97,37,30,42,66,80,59,27,4
5133,23,16,42,72,97,37,30,42,66,80,59,27,4
5134,42,60,42,72,97,37,30,42,66,80,59,27,4
5135,23,60,42,72,97,37,30,42,66,80,59,27,4
5136,42,16,24,49,97,37,30,42,66,80,59,27,4
5137,23,16,24,49,97,37,30,42,66,80,59,27,4
5138,42,60,24,49,97,37,30,42,66,80,59,27,4
5139,23,60,24,49,97,37,30,42,66,80,59,27,4
5140,42,16,42,49,97,37,30,42,66,80,59,27,4
5141,23,16,42,49,97,37,30,42,66,80,59,27,4
5142,23,60,42,49,97,37,30,42,66,80,59,27,4
5143,42,16,24,72,33,37,30,42,66,80,59,27,4
5144,23,16,24,72,33,37,30,42,66,80,59,27,4
5145,42,60,24,72,33,37,30,42,66,80,59,27,4
5146,23,60,24,72,33,37,30,42,66,80,59,27,4
5147,42,16,42,72,33,37,30,42,66,80,59,27,4
5148,23,16,42,72,33,37,30,42,66,80,59,27,4
5149,42,60,42,72,33,37,30,42,66,80,59,27,4
5150,23,60,42,72,33,37,30,42,66,80,59,27,4
5151,42,16,24,49,33,37,30,42,66,80,59,27,4
5152,23,16,24,49,33,37,30,42,66,80,59,27,4
5153,42,60,24,49,33,37,30,42,66,80,59,27,4
5154,23,60,24,49,33,37,30,42,66,80,59,27,4
5155,42,16,42,49,33,37,30,42,66,80,59,27,4
5156,23,16,42,49,33,37,30,42,66,80,59,27,4
5157,42,60,42,49,33,37,30,42,66,80,59,27,4
5158,23,60,42,49,33,37,30,42,66,80,59,27,4
5159,42,16,24,72,97,36,30,42,66,80,59,27,4
5160,23,16,24,72,97,36,30,42,66,80,59,27,4
5161,42,60,24,72,97,36,30,42,66,80,59,27,4
5162,23,60,24,72,97,36,30,42,66,80,59,27,4
5163,42,16,42,72,97,36,30,42,66,80,59,27,4
5164,23,16,42,72,97,36,30,42,66,80,59,27,4
5165,42,60,42,72,97,36,30,42,66,80,59,27,4
5166,23,60,42,72,97,36,30,42,66,80,59,27,4
5167,42,16,24,49,97,36,30,42,66,80,59,27,4
5168,23,16,24,49,97,36,30,42,66,80,59,27,4
5169,42,60,24,49,97,36,30,42,66,80,59,27,4
5170,23,60,24,49,97,36,30,42,66,80,59,27,4
5171,42,16,42,49,97,36,30,42,66,80,59,27,4
5172,23,16,42,49,97,36,30,42,66,80,59,27,4
5173,42,60,42,49,97,36,30,42,66,80,59,27,4
5174,23,60,42,49,97,36,30,42,66,80,59,27,4
5175,42,16,24,72,33,36,30,42,66,80,59,27,4
5176,23,16,24,72,33,36,30,42,66,80,59,27,4
5177,42,60,24,72,33,36,30,42,66,80,59,27,4
5178,23,60,24,72,33,36,30,42,66,80,59,27,4
5179,42,16,42,72,33,36,30,42,66,80,59,27,4
5180,23,16,42,72,33,36,30,42,66,80,59,27,4
5181,42,60,42,72,33,36,30,42,66,80,59,27,4
5182,23,60,42,72,33,36,30,42,66,80,59,27,4
5183,42,16,24,49,33,36,30,42,66,80,59,27,4
5184,23,16,24,49,33,36,30,42,66,80,59,27,4
5185,42,60,24,49,33,36,30,42,66,80,59,27,4
5186,23,60,24,49,33,36,30,42,66,80,59,27,4
5187,42,16,42,49,33,36,30,42,66,80,59,27,4
5188,23,16,42,49,33,36,30,42,66,80,59,27,4
5189,42,60,42,49,33,36,30,42,66,80,59,27,4
5190,23,60,42,49,33,36,30,42,66,80,59,27,4
5191,42,16,24,72,97,37,44,78,20,80,59,27,4
5192,23,16,24,72,97,37,44,78,20,80,59,27,4
5193,42,60,24,72,97,37,44,78,20,80,59,27,4
5194,23,60,24,72,97,37,44,78,20,80,59,27,4
5195,42,16,42,72,97,37,44,78,20,80,59,27,4
5196,23,16,42,72,97,37,44,78,20,80,59,27,4
5197,42,60,42,72,97,37,44,78,20,80,59,27,4
5198,23,60,42,72,97,37,44,78,20,80,59,27,4
5199,42,16,24,49,97,37,44,78,20,80,59,27,4
5200,23,16,24,49,97,37,44,78,20,80,59,27,4
5201,23,60,24,49,97,37,44,78,20,80,59,27,4
5202,42,16,42,49,97,37,44,78,20,80,59,27,4
5203,23,16,42,49,97,37,44,78,20,80,59,27,4
5204,42,60,42,49,97,37,44,78,20,80,59,27,4
5205,23,60,42,49,97,37,44,78,20,80,59,27,4
5206,42,16,24,72,33,37,44,78,20,80,59,27,4
5207,23,16,24,72,33,37,44,78,20,80,59,27,4
5208,42,60,24,72,33,37,44,78,20,80,59,27,4
5209,23,60,24,72,33,37,44,78,20,80,59,27,4
5210,42,16,42,72,33,37,44,78,20,80,59,27,4
5211,23,16,42,72,33,37,44,78,20,80,59,27,4
5212,42,60,42,72,33,37,44,78,20,80,59,27,4
5213,23,60,42,72,33,37,44,78,20,80,59,27,4
5214,42,16,24,49,33,37,44,78,20,80,59,27,4
5215,23,16,24,49,33,37,44,78,20,80,59,27,4
5216,42,60,24,49,33,37,44,78,20,80,59,27,4
5217,23,60,24,49,33,37,44,78,20,80,59,27,4
5218,42,16,42,49,33,37,44,78,20,80,59,27,4
5219,23,16,42,49,33,37,44,78,20,80,59,27,4
5220,42,60,42,49,33,37,44,78,20,80,59,27,4
5221,23,60,42,49,33,37,44,78,20,80,59,27,4
5222,42,16,24,72,97,36,44,78,20,80,59,27,4
5223,23,16,24,72,97,36,44,78,20,80,59,27,4
5224,23,60,24,72,97,36,44,78,20,80,59,27,4
5225,42,16,42,72,97,36,44,78,20,80,59,27,4
5226,23,16,42,72,97,36,44,78,20,80,59,27,4
5227,42,60,42,72,97,36,44,78,20,80,59,27,4
5228,23,60,42,72,97,36,44,78,20,80,59,27,4
5229,42,16,24,49,97,36,44,78,20,80,59,27,4
5230,23,16,24,49,97,36,44,78,20,80,59,27,4
5231,42,60,24,49,97,36,44,78,20,80,59,27,4
5232,23,60,24,49,97,36,44,78,20,80,59,27,4
5233,42,16,42,49,97,36,44,78,20,80,59,27,4
5234,23,16,42,49,97,36,44,78,20,80,59,27,4
5235,42,60,42,49,97,36,44,78,20,80,59,27,4
5236,23,60,42,49,97,36,44,78,20,80,59,27,4
5237,42,16,24,72,33,36,44,78,20,80,59,27,4
5238,23,16,24,72,33,36,44,78,20,80,59,27,4
5239,42,60,24,72,33,36,44,78,20,80,59,27,4
5240,23,60,24,72,33,36,44,78,20,80,59,27,4
5241,42,16,42,72,33,36,44,78,20,80,59,27,4
5242,23,16,42,72,33,36,44,78,20,80,59,27,4
5243,42,60,42,72,33,36,44,78,20,80,59,27,4
5244,23,60,42,72,33,36,44,78,20,80,59,27,4
5245,42,16,24,49,33,36,44,78,20,80,59,27,4
5246,23,16,24,49,33,36,44,78,20,80,59,27,4
5247,42,60,24,49,33,36,44,78,20,80,59,27,4
5248,23,60,24,49,33,36,44,78,20,80,59,27,4
5249,42,16,42,49,33,36,44,78,20,80,59,27,4
5250,23,16,42,49,33,36,44,78,20,80,59,27,4
5251,42,60,42,49,33,36,44,78,20,80,59,27,4
5252,23,60,42,49,33,36,44,78,20,80,59,27,4
5253,42,16,24,72,97,37,30,78,20,80,59,27,4
5254,23,16,24,72,97,37,30,78,20,80,59,27,4
5255,23,60,24,72,97,37,30,78,20,80,59,27,4
5256,42,16,42,72,97,37,30,78,20,80,59,27,4
5257,23,16,42,72,97,37,30,78,20,80,59,27,4
5258,42,60,42,72,97,37,30,78,20,80,59,27,4
5259,23,60,42,72,97,37,30,78,20,80,59,27,4
5260,42,16,24,49,97,37,30,78,20,80,59,27,4
5261,23,16,24,49,97,37,30,78,20,80,59,27,4
5262,42,60,24,49,97,37,30,78,20,80,59,27,4
5263,23,60,24,49,97,37,30,78,20,80,59,27,4
5264,42,16,42,49,97,37,30,78,20,80,59,27,4
5265,23,16,42,49,97,37,30,78,20,80,59,27,4
5266,42,60,42,49,97,37,30,78,20,80,59,27,4
5267,23,60,42,49,97,37,30,78,20,80,59,27,4
5268,42,16,24,72,33,37,30,78,20,80,59,27,4
5269,23,16,24,72,33,37,30,78,20,80,59,27,4
5270,42,60,24,72,33,37,30,78,20,80,59,27,4
5271,23,60,24,72,33,37,30,78,20,80,59,27,4
5272,42,16,42,72,33,37,30,78,20,80,59,27,4
5273,23,16,42,72,33,37,30,78,20,80,59,27,4
5274,42,60,42,72,33,37,30,78,20,80,59,27,4
5275,23,60,42,72,33,37,30,78,20,80,59,27,4
5276,42,16,24,49,33,37,30,78,20,80,59,27,4
5277,23,16,24,49,33,37,30,78,20,80,59,27,4
5278,42,60,24,49,33,37,30,78,20,80,59,27,4
5279,23,60,24,49,33,37,30,78,20,80,59,27,4
5280,42,16,42,49,33,37,30,78,20,80,59,27,4
5281,23,16,42,49,33,37,30,78,20,80,59,27,4
5282,42,60,42,49,33,37,30,78,20,80,59,27,4
5283,23,60,42,49,33,37,30,78,20,80,59,27,4
5284,42,16,24,72,97,36,30,78,20,80,59,27,4
5285,23,16,24,72,97,36,30,78,20,80,59,27,4
5286,23,60,24,72,97,36,30,78,20,80,59,27,4
5287,42,16,42,72,97,36,30,78,20,80,59,27,4
5288,23,16,42,72,97,36,30,78,20,80,59,27,4
5289,42,60,42,72,97,36,30,78,20,80,59,27,4
5290,23,60,42,72,97,36,30,78,20,80,59,27,4
5291,42,16,24,49,97,36,30,78,20,80,59,27,4
5292,23,16,24,49,97,36,30,78,20,80,59,27,4
5293,23,60,24,49,97,36,30,78,20,80,59,27,4
5294,42,16,42,49,97,36,30,78,20,80,59,27,4
5295,23,16,42,49,97,36,30,78,20,80,59,27,4
5296,42,60,42,49,97,36,30,78,20,80,59,27,4
5297,23,60,42,49,97,36,30,78,20,80,59,27,4
5298,42,16,24,72,33,36,30,78,20,80,59,27,4
5299,23,16,24,72,33,36,30,78,20,80,59,27,4
5300,23,60,24,72,33,36,30,78,20,80,59,27,4
5301,42,16,42,72,33,36,30,78,20,80,59,27,4
5302,23,16,42,72,33,36,30,78,20,80,59,27,4
5303,42,60,42,72,33,36,30,78,20,80,59,27,4
5304,23,60,42,72,33,36,30,78,20,80,59,27,4
5305,42,16,24,49,33,36,30,78,20,80,59,27,4
5306,23,16,24,49,33,36,30,78,20,80,59,27,4
5307,42,60,24,49,33,36,30,78,20,80,59,27,4
5308,23,60,24,49,33,36,30,78,20,80,59,27,4
5309,42,16,42,49,33,36,30,78,20,80,59,27,4
5310,23,16,42,49,33,36,30,78,20,80,59,27,4
5311,42,60,42,49,33,36,30,78,20,80,59,27,4
5312,23,60,42,49,33,36,30,78,20,80,59,27,4
5313,42,16,24,72,97,37,44,42,20,80,59,27,4
5314,23,16,24,72,97,37,44,42,20,80,59,27,4
5315,42,60,24,72,97,37,44,42,20,80,59,27,4
5316,23,60,24,72,97,37,44,42,20,80,59,27,4
5317,42,16,42,72,97,37,44,42,20,80,59,27,4
5318,23,16,42,72,97,37,44,42,20,80,59,27,4
5319,42,60,42,72,97,37,44,42,20,80,59,27,4
5320,23,60,42,72,97,37,44,42,20,80,59,27,4
5321,42,16,24,49,97,37,44,42,20,80,59,27,4
5322,23,16,24,49,97,37,44,42,20,80,59,27,4
5323,42,60,24,49,97,37,44,42,20,80,59,27,4
5324,23,60,24,49,97,37,44,42,20,80,59,27,4
5325,42,16,42,49,97,37,44,42,20,80,59,27,4
5326,23,16,42,49,97,37,44,42,20,80,59,27,4
5327,42,60,42,49,97,37,44,42,20,80,59,27,4
5328,23,60,42,49,97,37,44,42,20,80,59,27,4
5329,42,16,24,72,33,37,44,42,20,80,59,27,4
5330,23,16,24,72,33,37,44,42,20,80,59,27,4
5331,42,60,24,72,33,37,44,42,20,80,59,27,4
5332,23,60,24,72,33,37,44,42,20,80,59,27,4
5333,42,16,42,72,33,37,44,42,20,80,59,27,4
5334,23,16,42,72,33,37,44,42,20,80,59,27,4
5335,42,60,42,72,33,37,44,42,20,80,59,27,4
5336,23,60,42,72,33,37,44,42,20,80,59,27,4
5337,42,16,24,49,33,37,44,42,20,80,59,27,4
5338,23,16,24,49,33,37,44,42,20,80,59,27,4
5339,42,60,24,49,33,37,44,42,20,80,59,27,4
5340,23,60,24,49,33,37,44,42,20,80,59,27,4
5341,42,16,42,49,33,37,44,42,20,80,59,27,4
5342,23,16,42,49,33,37,44,42,20,80,59,27,4
5343,42,60,42,49,33,37,44,42,20,80,59,27,4
5344,23,60,42,49,33,37,44,42,20,80,59,27,4
5345,42,16,24,72,97,36,44,42,20,80,59,27,4
5346,23,16,24,72,97,36,44,42,20,80,59,27,4
5347,42,60,24,72,97,36,44,42,20,80,59,27,4
5348,23,60,24,72,97,36,44,42,20,80,59,27,4
5349,42,16,42,72,97,36,44,42,20,80,59,27,4
5350,23,16,42,72,97,36,44,42,20,80,59,27,4
5351,42,60,42,72,97,36,44,42,20,80,59,27,4
5352,23,60,42,72,97,36,44,42,20,80,59,27,4
5353,42,16,24,49,97,36,44,42,20,80,59,27,4
5354,23,16,24,49,97,36,44,42,20,80,59,27,4
5355,42,60,24,49,97,36,44,42,20,80,59,27,4
5356,23,60,24,49,97,36,44,42,20,80,59,27,4
5357,42,16,42,49,97,36,44,42,20,80,59,27,4
5358,23,16,42,49,97,36,44,42,20,80,59,27,4
5359,42,60,42,49,97,36,44,42,20,80,59,27,4
5360,23,60,42,49,97,36,44,42,20,80,59,27,4
5361,42,16,24,72,33,36,44,42,20,80,59,27,4
5362,23,16,24,72,33,36,44,42,20,80,59,27,4
5363,42,60,24,72,33,36,44,42,20,80,59,27,4
5364,23,60,24,72,33,36,44,42,20,80,59,27,4
5365,42,16,42,72,33,36,44,42,20,80,59,27,4
5366,23,16,42,72,33,36,44,42,20,80,59,27,4
5367,42,60,42,72,33,36,44,42,20,80,59,27,4
5368,23,60,42,72,33,36,44,42,20,80,59,27,4
5369,42,16,24,49,33,36,44,42,20,80,59,27,4
5370,23,16,24,49,33,36,44,42,20,80,59,27,4
5371,42,60,24,49,33,36,44,42,20,80,59,27,4
5372,23,60,24,49,33,36,44,42,20,80,59,27,4
5373,42,16,42,49,33,36,44,42,20,80,59,27,4
5374,23,16,42,49,33,36,44,42,20,80,59,27,4
5375,42,60,42,49,33,36,44,42,20,80,59,27,4
5376,23,60,42,49,33,36,44,42,20,80,59,27,4
5377,42,16,24,72,97,37,30,42,20,80,59,27,4
5378,23,16,24,72,97,37,30,42,20,80,59,27,4
5379,42,60,24,72,97,37,30,42,20,80,59,27,4
5380,23,60,24,72,97,37,30,42,20,80,59,27,4
5381,42,16,42,72,97,37,30,42,20,80,59,27,4
5382,23,16,42,72,97,37,30,42,20,80,59,27,4
5383,42,60,42,72,97,37,30,42,20,80,59,27,4
5384,23,60,42,72,97,37,30,42,20,80,59,27,4
5385,42,16,24,49,97,37,30,42,20,80,59,27,4
5386,23,16,24,49,97,37,30,42,20,80,59,27,4
5387,42,60,24,49,97,37,30,42,20,80,59,27,4
5388,23,60,24,49,97,37,30,42,20,80,59,27,4
5389,42,16,42,49,97,37,30,42,20,80,59,27,4
5390,23,16,42,49,97,37,30,42,20,80,59,27,4
5391,42,60,42,49,97,37,30,42,20,80,59,27,4
5392,23,60,42,49,97,37,30,42,20,80,59,27,4
5393,42,16,24,72,33,37,30,42,20,80,59,27,4
5394,23,16,24,72,33,37,30,42,20,80,59,27,4
5395,42,60,24,72,33,37,30,42,20,80,59,27,4
5396,23,60,24,72,33,37,30,42,20,80,59,27,4
5397,42,16,42,72,33,37,30,42,20,80,59,27,4
5398,23,16,42,72,33,37,30,42,20,80,59,27,4
5399,42,60,42,72,33,37,30,42,20,80,59,27,4
5400,23,60,42,72,33,37,30,42,20,80,59,27,4
5401,42,16,24,49,33,37,30,42,20,80,59,27,4
5402,23,16,24,49,33,37,30,42,20,80,59,27,4
5403,42,60,24,49,33,37,30,42,20,80,59,27,4
5404,23,60,24,49,33,37,30,42,20,80,59,27,4
5405,42,16,42,49,33,37,30,42,20,80,59,27,4
5406,23,16,42,49,33,37,30,42,20,80,59,27,4
5407,42,60,42,49,33,37,30,42,20,80,59,27,4
5408,23,60,42,49,33,37,30,42,20,80,59,27,4
5409,42,16,24,72,97,36,30,42,20,80,59,27,4
5410,23,16,24,72,97,36,30,42,20,80,59,27,4
5411,42,60,24,72,97,36,30,42,20,80,59,27,4
5412,23,60,24,72,97,36,30,42,20,80,59,27,4
5413,42,16,42,72,97,36,30,42,20,80,59,27,4
5414,23,16,42,72,97,36,30,42,20,80,59,27,4
5415,42,60,42,72,97,36,30,42,20,80,59,27,4
5416,23,60,42,72,97,36,30,42,20,80,59,27,4
5417,42,16,24,49,97,36,30,42,20,80,59,27,4
5418,23,16,24,49,97,36,30,42,20,80,59,27,4
5419,42,60,24,49,97,36,30,42,20,80,59,27,4
5420,23,60,24,49,97,36,30,42,20,80,59,27,4
5421,42,16,42,49,97,36,30,42,20,80,59,27,4
5422,23,16,42,49,97,36,30,42,20,80,59,27,4
5423,42,60,42,49,97,36,30,42,20,80,59,27,4
5424,23,60,42,49,97,36,30,42,20,80,59,27,4
5425,42,16,24,72,33,36,30,42,20,80,59,27,4
5426,23,16,24,72,33,36,30,42,20,80,59,27,4
5427,42,60,24,72,33,36,30,42,20,80,59,27,4
5428,23,60,24,72,33,36,30,42,20,80,59,27,4
5429,42,16,42,72,33,36,30,42,20,80,59,27,4
5430,23,16,42,72,33,36,30,42,20,80,59,27,4
5431,42,60,42,72,33,36,30,42,20,80,59,27,4
5432,23,60,42,72,33,36,30,42,20,80,59,27,4
5433,42,16,24,49,33,36,30,42,20,80,59,27,4
5434,23,16,24,49,33,36,30,42,20,80,59,27,4
5435,42,60,24,49,33,36,30,42,20,80,59,27,4
5436,23,60,24,49,33,36,30,42,20,80,59,27,4
5437,42,16,42,49,33,36,30,42,20,80,59,27,4
5438,23,16,42,49,33,36,30,42,20,80,59,27,4
5439,42,60,42,49,33,36,30,42,20,80,59,27,4
5440,23,60,42,49,33,36,30,42,20,80,59,27,4
5441,42,16,24,72,97,37,44,78,66,21,59,27,4
5442,23,16,24,72,97,37,44,78,66,21,59,27,4
5443,42,60,24,72,97,37,44,78,66,21,59,27,4
5444,23,60,24,72,97,37,44,78,66,21,59,27,4
5445,42,16,42,72,97,37,44,78,66,21,59,27,4
5446,23,16,42,72,97,37,44,78,66,21,59,27,4
5447,42,60,42,72,97,37,44,78,66,21,59,27,4
5448,23,60,42,72,97,37,44,78,66,21,59,27,4
5449,42,16,24,49,97,37,44,78,66,21,59,27,4
5450,23,60,24,49,97,37,44,78,66,21,59,27,4
5451,42,16,42,49,97,37,44,78,66,21,59,27,4
5452,23,16,42,49,97,37,44,78,66,21,59,27,4
5453,42,60,42,49,97,37,44,78,66,21,59,27,4
5454,23,60,42,49,97,37,44,78,66,21,59,27,4
5455,42,16,24,72,33,37,44,78,66,21,59,27,4
5456,23,16,24,72,33,37,44,78,66,21,59,27,4
5457,42,60,24,72,33,37,44,78,66,21,59,27,4
5458,23,60,24,72,33,37,44,78,66,21,59,27,4
5459,42,16,42,72,33,37,44,78,66,21,59,27,4
5460,23,16,42,72,33,37,44,78,66,21,59,27,4
5461,42,60,42,72,33,37,44,78,66,21,59,27,4
5462,23,60,42,72,33,37,44,78,66,21,59,27,4
5463,42,16,24,49,33,37,44,78,66,21,59,27,4
5464,23,16,24,49,33,37,44,78,66,21,59,27,4
5465,42,60,24,49,33,37,44,78,66,21,59,27,4
5466,23,60,24,49,33,37,44,78,66,21,59,27,4
5467,42,16,42,49,33,37,44,78,66,21,59,27,4
5468,23,16,42,49,33,37,44,78,66,21,59,27,4
5469,42,60,42,49,33,37,44,78,66,21,59,27,4
5470,23,60,42,49,33,37,44,78,66,21,59,27,4
5471,42,16,24,72,97,36,44,78,66,21,59,27,4
5472,23,16,24,72,97,36,44,78,66,21,59,27,4
5473,42,60,24,72,97,36,44,78,66,21,59,27,4
5474,23,60,24,72,97,36,44,78,66,21,59,27,4
5475,42,16,42,72,97,36,44,78,66,21,59,27,4
5476,23,16,42,72,97,36,44,78,66,21,59,27,4
5477,42,60,42,72,97,36,44,78,66,21,59,27,4
5478,23,60,42,72,97,36,44,78,66,21,59,27,4
5479,42,16,24,49,97,36,44,78,66,21,59,27,4
5480,23,16,24,49,97,36,44,78,66,21,59,27,4
5481,42,60,24,49,97,36,44,78,66,21,59,27,4
5482,23,60,24,49,97,36,44,78,66,21,59,27,4
5483,42,16,42,49,97,36,44,78,66,21,59,27,4
5484,23,16,42,49,97,36,44,78,66,21,59,27,4
5485,42,60,42,49,97,36,44,78,66,21,59,27,4
5486,23,60,42,49,97,36,44,78,66,21,59,27,4
5487,42,16,24,72,33,36,44,78,66,21,59,27,4
5488,23,16,24,72,33,36,44,78,66,21,59,27,4
5489,42,60,24,72,33,36,44,78,66,21,59,27,4
5490,23,60,24,72,33,36,44,78,66,21,59,27,4
5491,42,16,42,72,33,36,44,78,66,21,59,27,4
5492,23,16,42,72,33,36,44,78,66,21,59,27,4
5493,42,60,42,72,33,36,44,78,66,21,59,27,4
5494,23,60,42,72,33,36,44,78,66,21,59,27,4
5495,42,16,24,49,33,36,44,78,66,21,59,27,4
5496,23,16,24,49,33,36,44,78,66,21,59,27,4
5497,42,60,24,49,33,36,44,78,66,21,59,27,4
5498,23,60,24,49,33,36,44,78,66,21,59,27,4
5499,42,16,42,49,33,36,44,78,66,21,59,27,4
5500,23,16,42,49,33,36,44,78,66,21,59,27,4
5501,42,60,42,49,33,36,44,78,66,21,59,27,4
5502,23,60,42,49,33,36,44,78,66,21,59,27,4
5503,42,16,24,72,97,37,30,78,66,21,59,27,4
5504,23,16,24,72,97,37,30,78,66,21,59,27,4
5505,42,60,24,72,97,37,30,78,66,21,59,27,4
5506,23,60,24,72,97,37,30,78,66,21,59,27,4
5507,42,16,42,72,97,37,30,78,66,21,59,27,4
5508,23,16,42,72,97,37,30,78,66,21,59,27,4
5509,23,60,42,72,97,37,30,78,66,21,59,27,4
5510,42,16,24,49,97,37,30,78,66,21,59,27,4
5511,23,16,24,49,97,37,30,78,66,21,59,27,4
5512,42,60,24,49,97,37,30,78,66,21,59,27,4
5513,23,60,24,49,97,37,30,78,66,21,59,27,4
5514,42,16,42,49,97,37,30,78,66,21,59,27,4
5515,23,16,42,49,97,37,30,78,66,21,59,27,4
5516,42,60,42,49,97,37,30,78,66,21,59,27,4
5517,23,60,42,49,97,37,30,78,66,21,59,27,4
5518,42,16,24,72,33,37,30,78,66,21,59,27,4
5519,23,16,24,72,33,37,30,78,66,21,59,27,4
5520,23,60,24,72,33,37,30,78,66,21,59,27,4
5521,42,16,42,72,33,37,30,78,66,21,59,27,4
5522,23,16,42,72,33,37,30,78,66,21,59,27,4
5523,23,60,42,72,33,37,30,78,66,21,59,27,4
5524,42,16,24,49,33,37,30,78,66,21,59,27,4
5525,23,16,24,49,33,37,30,78,66,21,59,27,4
5526,42,60,24,49,33,37,30,78,66,21,59,27,4
5527,23,60,24,49,33,37,30,78,66,21,59,27,4
5528,42,16,42,49,33,37,30,78,66,21,59,27,4
5529,23,16,42,49,33,37,30,78,66,21,59,27,4
5530,42,60,42,49,33,37,30,78,66,21,59,27,4
5531,23,60,42,49,33,37,30,78,66,21,59,27,4
5532,42,16,24,72,97,36,30,78,66,21,59,27,4
5533,23,16,24,72,97,36,30,78,66,21,59,27,4
5534,42,60,24,72,97,36,30,78,66,21,59,27,4
5535,23,60,24,72,97,36,30,78,66,21,59,27,4
5536,42,16,42,72,97,36,30,78,66,21,59,27,4
5537,23,16,42,72,97,36,30,78,66,21,59,27,4
5538,42,60,42,72,97,36,30,78,66,21,59,27,4
5539,23,60,42,72,97,36,30,78,66,21,59,27,4
5540,42,16,24,49,97,36,30,78,66,21,59,27,4
5541,23,16,24,49,97,36,30,78,66,21,59,27,4
5542,42,60,24,49,97,36,30,78,66,21,59,27,4
5543,23,60,24,49,97,36,30,78,66,21,59,27,4
5544,42,16,42,49,97,36,30,78,66,21,59,27,4
5545,23,16,42,49,97,36,30,78,66,21,59,27,4
5546,42,60,42,49,97,36,30,78,66,21,59,27,4
5547,23,60,42,49,97,36,30,78,66,21,59,27,4
5548,42,16,24,72,33,36,30,78,66,21,59,27,4
5549,42,60,24,72,33,36,30,78,66,21,59,27,4
5550,23,60,24,72,33,36,30,78,66,21,59,27,4
5551,42,16,42,72,33,36,30,78,66,21,59,27,4
5552,23,16,42,72,33,36,30,78,66,21,59,27,4
5553,42,60,42,72,33,36,30,78,66,21,59,27,4
5554,23,60,42,72,33,36,30,78,66,21,59,27,4
5555,42,16,24,49,33,36,30,78,66,21,59,27,4
5556,23,16,24,49,33,36,30,78,66,21,59,27,4
5557,42,60,24,49,33,36,30,78,66,21,59,27,4
5558,23,60,24,49,33,36,30,78,66,21,59,27,4
5559,42,16,42,49,33,36,30,78,66,21,59,27,4
5560,23,16,42,49,33,36,30,78,66,21,59,27,4
5561,42,60,42,49,33,36,30,78,66,21,59,27,4
5562,23,60,42,49,33,36,30,78,66,21,59,27,4
5563,42,16,24,72,97,37,44,42,66,21,59,27,4
5564,23,16,24,72,97,37,44,42,66,21,59,27,4
5565,42,60,24,72,97,37,44,42,66,21,59,27,4
5566,23,60,24,72,97,37,44,42,66,21,59,27,4
5567,42,16,42,72,97,37,44,42,66,21,59,27,4
5568,23,16,42,72,97,37,44,42,66,21,59,27,4
5569,42,60,42,72,97,37,44,42,66,21,59,27,4
5570,23,60,42,72,97,37,44,42,66,21,59,27,4
5571,42,16,24,49,97,37,44,42,66,21,59,27,4
5572,23,16,24,49,97,37,44,42,66,21,59,27,4
5573,42,60,24,49,97,37,44,42,66,21,59,27,4
5574,23,60,24,49,97,37,44,42,66,21,59,27,4
5575,42,16,42,49,97,37,44,42,66,21,59,27,4
5576,23,16,42,49,97,37,44,42,66,21,59,27,4
5577,42,60,42,49,97,37,44,42,66,21,59,27,4
5578,23,60,42,49,97,37,44,42,66,21,59,27,4
5579,42,16,24,72,33,37,44,42,66,21,59,27,4
5580,23,16,24,72,33,37,44,42,66,21,59,27,4
5581,42,60,24,72,33,37,44,42,66,21,59,27,4
5582,23,60,24,72,33,37,44,42,66,21,59,27,4
5583,42,16,42,72,33,37,44,42,66,21,59,27,4
5584,23,16,42,72,33,37,44,42,66,21,59,27,4
5585,42,60,42,72,33,37,44,42,66,21,59,27,4
5586,23,60,42,72,33,37,44,42,66,21,59,27,4
5587,42,16,24,49,33,37,44,42,66,21,59,27,4
5588,23,16,24,49,33,37,44,42,66,21,59,27,4
5589,42,60,24,49,33,37,44,42,66,21,59,27,4
5590,23,60,24,49,33,37,44,42,66,21,59,27,4
5591,42,16,42,49,33,37,44,42,66,21,59,27,4
5592,23,16,42,49,33,37,44,42,66,21,59,27,4
5593,42,60,42,49,33,37,44,42,66,21,59,27,4
5594,23,60,42,49,33,37,44,42,66,21,59,27,4
5595,42,16,24,72,97,36,44,42,66,21,59,27,4
5596,23,16,24,72,97,36,44,42,66,21,59,27,4
5597,42,60,24,72,97,36,44,42,66,21,59,27,4
5598,23,60,24,72,97,36,44,42,66,21,59,27,4
5599,42,16,42,72,97,36,44,42,66,21,59,27,4
5600,23,16,42,72,97,36,44,42,66,21,59,27,4
5601,42,60,42,72,97,36,44,42,66,21,59,27,4
5602,23,60,42,72,97,36,44,42,66,21,59,27,4
5603,42,16,24,49,97,36,44,42,66,21,59,27,4
5604,23,16,24,49,97,36,44,42,66,21,59,27,4
5605,42,60,24,49,97,36,44,42,66,21,59,27,4
5606,23,60,24,49,97,36,44,42,66,21,59,27,4
5607,42,16,42,49,97,36,44,42,66,21,59,27,4
5608,23,16,42,49,97,36,44,42,66,21,59,27,4
5609,42,60,42,49,97,36,44,42,66,21,59,27,4
5610,23,60,42,49,97,36,44,42,66,21,59,27,4
5611,42,16,24,72,33,36,44,42,66,21,59,27,4
5612,23,16,24,72,33,36,44,42,66,21,59,27,4
5613,42,60,24,72,33,36,44,42,66,21,59,27,4
5614,23,60,24,72,33,36,44,42,66,21,59,27,4
5615,42,16,42,72,33,36,44,42,66,21,59,27,4
5616,23,16,42,72,33,36,44,42,66,21,59,27,4
5617,42,60,42,72,33,36,44,42,66,21,59,27,4
5618,23,60,42,72,33,36,44,42,66,21,59,27,4
5619,42,16,24,49,33,36,44,42,66,21,59,27,4
5620,23,16,24,49,33,36,44,42,66,21,59,27,4
5621,42,60,24,49,33,36,44,42,66,21,59,27,4
5622,23,60,24,49,33,36,44,42,66,21,59,27,4
5623,42,16,42,49,33,36,44,42,66,21,59,27,4
5624,23,16,42,49,33,36,44,42,66,21,59,27,4
5625,42,60,42,49,33,36,44,42,66,21,59,27,4
5626,23,60,42,49,33,36,44,42,66,21,59,27,4
5627,42,16,24,72,97,37,30,42,66,21,59,27,4
5628,42,60,24,72,97,37,30,42,66,21,59,27,4
5629,23,60,24,72,97,37,30,42,66,21,59,27,4
5630,42,16,42,72,97,37,30,42,66,21,59,27,4
5631,23,16,42,72,97,37,30,42,66,21,59,27,4
5632,42,60,42,72,97,37,30,42,66,21,59,27,4
5633,23,60,42,72,97,37,30,42,66,21,59,27,4
5634,42,16,24,49,97,37,30,42,66,21,59,27,4
5635,23,16,24,49,97,37,30,42,66,21,59,27,4
5636,42,60,24,49,97,37,30,42,66,21,59,27,4
5637,23,60,24,49,97,37,30,42,66,21,59,27,4
5638,42,16,42,49,97,37,30,42,66,21,59,27,4
5639,23,16,42,49,97,37,30,42,66,21,59,27,4
5640,42,60,42,49,97,37,30,42,66,21,59,27,4
5641,23,60,42,49,97,37,30,42,66,21,59,27,4
5642,42,16,24,72,33,37,30,42,66,21,59,27,4
5643,23,16,24,72,33,37,30,42,66,21,59,27,4
5644,42,60,24,72,33,37,30,42,66,21,59,27,4
5645,23,60,24,72,33,37,30,42,66,21,59,27,4
5646,42,16,42,72,33,37,30,42,66,21,59,27,4
5647,23,16,42,72,33,37,30,42,66,21,59,27,4
5648,42,60,42,72,33,37,30,42,66,21,59,27,4
5649,23,60,42,72,33,37,30,42,66,21,59,27,4
5650,42,16,24,49,33,37,30,42,66,21,59,27,4
5651,23,16,24,49,33,37,30,42,66,21,59,27,4
5652,42,60,24,49,33,37,30,42,66,21,59,27,4
5653,23,60,24,49,33,37,30,42,66,21,59,27,4
5654,42,16,42,49,33,37,30,42,66,21,59,27,4
5655,23,16,42,49,33,37,30,42,66,21,59,27,4
5656,42,60,42,49,33,37,30,42,66,21,59,27,4
5657,23,60,42,49,33,37,30,42,66,21,59,27,4
5658,42,16,24,72,97,36,30,42,66,21,59,27,4
5659,23,16,24,72,97,36,30,42,66,21,59,27,4
5660,42,60,24,72,97,36,30,42,66,21,59,27,4
5661,23,60,24,72,97,36,30,42,66,21,59,27,4
5662,42,16,42,72,97,36,30,42,66,21,59,27,4
5663,23,16,42,72,97,36,30,42,66,21,59,27,4
5664,42,60,42,72,97,36,30,42,66,21,59,27,4
5665,23,60,42,72,97,36,30,42,66,21,59,27,4
5666,42,16,24,49,97,36,30,42,66,21,59,27,4
5667,23,16,24,49,97,36,30,42,66,21,59,27,4
5668,42,60,24,49,97,36,30,42,66,21,59,27,4
5669,23,60,24,49,97,36,30,42,66,21,59,27,4
5670,42,16,42,49,97,36,30,42,66,21,59,27,4
5671,23,16,42,49,97,36,30,42,66,21,59,27,4
5672,42,60,42,49,97,36,30,42,66,21,59,27,4
5673,23,60,42,49,97,36,30,42,66,21,59,27,4
5674,42,16,24,72,33,36,30,42,66,21,59,27,4
5675,23,16,24,72,33,36,30,42,66,21,59,27,4
5676,42,60,24,72,33,36,30,42,66,21,59,27,4
5677,23,60,24,72,33,36,30,42,66,21,59,27,4
5678,42,16,42,72,33,36,30,42,66,21,59,27,4
5679,23,16,42,72,33,36,30,42,66,21,59,27,4
5680,42,60,42,72,33,36,30,42,66,21,59,27,4
5681,23,60,42,72,33,36,30,42,66,21,59,27,4
5682,42,16,24,49,33,36,30,42,66,21,59,27,4
5683,23,16,24,49,33,36,30,42,66,21,59,27,4
5684,42,60,24,49,33,36,30,42,66,21,59,27,4
5685,23,60,24,49,33,36,30,42,66,21,59,27,4
5686,42,16,42,49,33,36,30,42,66,21,59,27,4
5687,23,16,42,49,33,36,30,42,66,21,59,27,4
5688,42,60,42,49,33,36,30,42,66,21,59,27,4
5689,23,60,42,49,33,36,30,42,66,21,59,27,4
5690,42,16,24,72,97,37,44,78,20,21,59,27,4
5691,23,16,24,72,97,37,44,78,20,21,59,27,4
5692,42,60,24,72,97,37,44,78,20,21,59,27,4
5693,23,60,24,72,97,37,44,78,20,21,59,27,4
5694,42,16,42,72,97,37,44,78,20,21,59,27,4
5695,23,16,42,72,97,37,44,78,20,21,59,27,4
5696,42,60,42,72,97,37,44,78,20,21,59,27,4
5697,23,60,42,72,97,37,44,78,20,21,59,27,4
5698,42,16,24,49,97,37,44,78,20,21,59,27,4
5699,23,16,24,49,97,37,44,78,20,21,59,27,4
5700,42,60,24,49,97,37,44,78,20,21,59,27,4
5701,23,60,24,49,97,37,44,78,20,21,59,27,4
5702,42,16,42,49,97,37,44,78,20,21,59,27,4
5703,23,16,42,49,97,37,44,78,20,21,59,27,4
5704,42,60,42,49,97,37,44,78,20,21,59,27,4
5705,23,60,42,49,97,37,44,78,20,21,59,27,4
5706,42,16,24,72,33,37,44,78,20,21,59,27,4
5707,23,16,24,72,33,37,44,78,20,21,59,27,4
5708,42,60,24,72,33,37,44,78,20,21,59,27,4
5709,23,60,24,72,33,37,44,78,20,21,59,27,4
5710,42,16,42,72,33,37,44,78,20,21,59,27,4
5711,23,16,42,72,33,37,44,78,20,21,59,27,4
5712,42,60,42,72,33,37,44,78,20,21,59,27,4
5713,23,60,42,72,33,37,44,78,20,21,59,27,4
5714,42,16,24,49,33,37,44,78,20,21,59,27,4
5715,23,16,24,49,33,37,44,78,20,21,59,27,4
5716,42,60,24,49,33,37,44,78,20,21,59,27,4
5717,23,60,24,49,33,37,44,78,20,21,59,27,4
5718,42,16,42,49,33,37,44,78,20,21,59,27,4
5719,23,16,42,49,33,37,44,78,20,21,59,27,4
5720,42,60,42,49,33,37,44,78,20,21,59,27,4
5721,23,60,42,49,33,37,44,78,20,21,59,27,4
5722,42,16,24,72,97,36,44,78,20,21,59,27,4
5723,23,16,24,72,97,36,44,78,20,21,59,27,4
5724,42,60,24,72,97,36,44,78,20,21,59,27,4
5725,23,60,24,72,97,36,44,78,20,21,59,27,4
5726,23,16,42,72,97,36,44,78,20,21,59,27,4
5727,42,60,42,72,97,36,44,78,20,21,59,27,4
5728,23,60,42,72,97,36,44,78,20,21,59,27,4
5729,42,16,24,49,97,36,44,78,20,21,59,27,4
5730,23,16,24,49,97,36,44,78,20,21,59,27,4
5731,42,60,24,49,97,36,44,78,20,21,59,27,4
5732,23,60,24,49,97,36,44,78,20,21,59,27,4
5733,42,16,42,49,97,36,44,78,20,21,59,27,4
5734,23,16,42,49,97,36,44,78,20,21,59,27,4
5735,42,60,42,49,97,36,44,78,20,21,59,27,4
5736,23,60,42,49,97,36,44,78,20,21,59,27,4
5737,42,16,24,72,33,36,44,78,20,21,59,27,4
5738,23,16,24,72,33,36,44,78,20,21,59,27,4
5739,42,60,24,72,33,36,44,78,20,21,59,27,4
5740,23,60,24,72,33,36,44,78,20,21,59,27,4
5741,42,16,42,72,33,36,44,78,20,21,59,27,4
5742,23,16,42,72,33,36,44,78,20,21,59,27,4
5743,42,60,42,72,33,36,44,78,20,21,59,27,4
5744,23,60,42,72,33,36,44,78,20,21,59,27,4
5745,42,16,24,49,33,36,44,78,20,21,59,27,4
5746,23,16,24,49,33,36,44,78,20,21,59,27,4
5747,42,60,24,49,33,36,44,78,20,21,59,27,4
5748,23,60,24,49,33,36,44,78,20,21,59,27,4
5749,42,16,42,49,33,36,44,78,20,21,59,27,4
5750,23,16,42,49,33,36,44,78,20,21,59,27,4
5751,42,60,42,49,33,36,44,78,20,21,59,27,4
5752,23,60,42,49,33,36,44,78,20,21,59,27,4
5753,23,16,24,72,97,37,30,78,20,21,59,27,4
5754,42,60,24,72,97,37,30,78,20,21,59,27,4
5755,23,60,24,72,97,37,30,78,20,21,59,27,4
5756,42,16,42,72,97,37,30,78,20,21,59,27,4
5757,23,16,42,72,97,37,30,78,20,21,59,27,4
5758,42,60,42,72,97,37,30,78,20,21,59,27,4
5759,23,60,42,72,97,37,30,78,20,21,59,27,4
5760,42,16,24,49,97,37,30,78,20,21,59,27,4
5761,23,16,24,49,97,37,30,78,20,21,59,27,4
5762,42,60,24,49,97,37,30,78,20,21,59,27,4
5763,23,60,24,49,97,37,30,78,20,21,59,27,4
5764,42,16,42,49,97,37,30,78,20,21,59,27,4
5765,23,16,42,49,97,37,30,78,20,21,59,27,4
5766,42,60,42,49,97,37,30,78,20,21,59,27,4
5767,23,60,42,49,97,37,30,78,20,21,59,27,4
5768,42,16,24,72,33,37,30,78,20,21,59,27,4
5769,23,16,24,72,33,37,30,78,20,21,59,27,4
5770,23,60,24,72,33,37,30,78,20,21,59,27,4
5771,42,16,42,72,33,37,30,78,20,21,59,27,4
5772,23,16,42,72,33,37,30,78,20,21,59,27,4
5773,42,60,42,72,33,37,30,78,20,21,59,27,4
5774,23,60,42,72,33,37,30,78,20,21,59,27,4
5775,42,16,24,49,33,37,30,78,20,21,59,27,4
5776,23,16,24,49,33,37,30,78,20,21,59,27,4
5777,42,60,24,49,33,37,30,78,20,21,59,27,4
5778,23,60,24,49,33,37,30,78,20,21,59,27,4
5779,42,16,42,49,33,37,30,78,20,21,59,27,4
5780,23,16,42,49,33,37,30,78,20,21,59,27,4
5781,42,60,42,49,33,37,30,78,20,21,59,27,4
5782,23,60,42,49,33,37,30,78,20,21,59,27,4
5783,42,16,24,72,97,36,30,78,20,21,59,27,4
5784,23,16,24,72,97,36,30,78,20,21,59,27,4
5785,23,60,24,72,97,36,30,78,20,21,59,27,4
5786,42,16,42,72,97,36,30,78,20,21,59,27,4
5787,23,16,42,72,97,36,30,78,20,21,59,27,4
5788,42,60,42,72,97,36,30,78,20,21,59,27,4
5789,23,60,42,72,97,36,30,78,20,21,59,27,4
5790,42,16,24,49,97,36,30,78,20,21,59,27,4
5791,23,16,24,49,97,36,30,78,20,21,59,27,4
5792,23,60,24,49,97,36,30,78,20,21,59,27,4
5793,42,16,42,49,97,36,30,78,20,21,59,27,4
5794,23,16,42,49,97,36,30,78,20,21,59,27,4
5795,42,60,42,49,97,36,30,78,20,21,59,27,4
5796,23,60,42,49,97,36,30,78,20,21,59,27,4
5797,42,16,24,72,33,36,30,78,20,21,59,27,4
5798,23,16,24,72,33,36,30,78,20,21,59,27,4
5799,42,60,24,72,33,36,30,78,20,21,59,27,4
5800,23,60,24,72,33,36,30,78,20,21,59,27,4
5801,42,16,42,72,33,36,30,78,20,21,59,27,4
5802,23,16,42,72,33,36,30,78,20,21,59,27,4
5803,42,60,42,72,33,36,30,78,20,21,59,27,4
5804,23,60,42,72,33,36,30,78,20,21,59,27,4
5805,42,16,24,49,33,36,30,78,20,21,59,27,4
5806,23,16,24,49,33,36,30,78,20,21,59,27,4
5807,42,60,24,49,33,36,30,78,20,21,59,27,4
5808,23,60,24,49,33,36,30,78,20,21,59,27,4
5809,42,16,42,49,33,36,30,78,20,21,59,27,4
5810,23,16,42,49,33,36,30,78,20,21,59,27,4
5811,42,60,42,49,33,36,30,78,20,21,59,27,4
5812,23,60,42,49,33,36,30,78,20,21,59,27,4
5813,42,16,24,72,97,37,44,42,20,21,59,27,4
5814,23,16,24,72,97,37,44,42,20,21,59,27,4
5815,42,60,24,72,97,37,44,42,20,21,59,27,4
5816,23,60,24,72,97,37,44,42,20,21,59,27,4
5817,42,16,42,72,97,37,44,42,20,21,59,27,4
5818,23,16,42,72,97,37,44,42,20,21,59,27,4
5819,42,60,42,72,97,37,44,42,20,21,59,27,4
5820,23,60,42,72,97,37,44,42,20,21,59,27,4
5821,42,16,24,49,97,37,44,42,20,21,59,27,4
5822,23,16,24,49,97,37,44,42,20,21,59,27,4
5823,42,60,24,49,97,37,44,42,20,21,59,27,4
5824,23,60,24,49,97,37,44,42,20,21,59,27,4
5825,42,16,42,49,97,37,44,42,20,21,59,27,4
5826,23,16,42,49,97,37,44,42,20,21,59,27,4
5827,42,60,42,49,97,37,44,42,20,21,59,27,4
5828,23,60,42,49,97,37,44,42,20,21,59,27,4
5829,42,16,24,72,33,37,44,42,20,21,59,27,4
5830,23,16,24,72,33,37,44,42,20,21,59,27,4
5831,42,60,24,72,33,37,44,42,20,21,59,27,4
5832,23,60,24,72,33,37,44,42,20,21,59,27,4
5833,42,16,42,72,33,37,44,42,20,21,59,27,4
5834,23,16,42,72,33,37,44,42,20,21,59,27,4
5835,42,60,42,72,33,37,44,42,20,21,59,27,4
5836,23,60,42,72,33,37,44,42,20,21,59,27,4
5837,42,16,24,49,33,37,44,42,20,21,59,27,4
5838,23,16,24,49,33,37,44,42,20,21,59,27,4
5839,42,60,24,49,33,37,44,42,20,21,59,27,4
5840,23,60,24,49,33,37,44,42,20,21,59,27,4
5841,42,16,42,49,33,37,44,42,20,21,59,27,4
5842,23,16,42,49,33,37,44,42,20,21,59,27,4
5843,42,60,42,49,33,37,44,42,20,21,59,27,4
5844,23,60,42,49,33,37,44,42,20,21,59,27,4
5845,42,16,24,72,97,36,44,42,20,21,59,27,4
5846,23,16,24,72,97,36,44,42,20,21,59,27,4
5847,42,60,24,72,97,36,44,42,20,21,59,27,4
5848,23,60,24,72,97,36,44,42,20,21,59,27,4
5849,42,16,42,72,97,36,44,42,20,21,59,27,4
5850,23,16,42,72,97,36,44,42,20,21,59,27,4
5851,42,60,42,72,97,36,44,42,20,21,59,27,4
5852,23,60,42,72,97,36,44,42,20,21,59,27,4
5853,42,16,24,49,97,36,44,42,20,21,59,27,4
5854,42,60,24,49,97,36,44,42,20,21,59,27,4
5855,23,60,24,49,97,36,44,42,20,21,59,27,4
5856,42,16,42,49,97,36,44,42,20,21,59,27,4
5857,23,16,42,49,97,36,44,42,20,21,59,27,4
5858,42,60,42,49,97,36,44,42,20,21,59,27,4
5859,23,60,42,49,97,36,44,42,20,21,59,27,4
5860,42,16,24,72,33,36,44,42,20,21,59,27,4
5861,23,16,24,72,33,36,44,42,20,21,59,27,4
5862,42,60,24,72,33,36,44,42,20,21,59,27,4
5863,23,60,24,72,33,36,44,42,20,21,59,27,4
5864,42,16,42,72,33,36,44,42,20,21,59,27,4
5865,23,16,42,72,33,36,44,42,20,21,59,27,4
5866,42,60,42,72,33,36,44,42,20,21,59,27,4
5867,23,60,42,72,33,36,44,42,20,21,59,27,4
5868,42,16,24,49,33,36,44,42,20,21,59,27,4
5869,23,16,24,49,33,36,44,42,20,21,59,27,4
5870,42,60,24,49,33,36,44,42,20,21,59,27,4
5871,23,60,24,49,33,36,44,42,20,21,59,27,4
5872,42,16,42,49,33,36,44,42,20,21,59,27,4
5873,23,16,42,49,33,36,44,42,20,21,59,27,4
5874,42,60,42,49,33,36,44,42,20,21,59,27,4
5875,23,60,42,49,33,36,44,42,20,21,59,27,4
5876,42,16,24,72,97,37,30,42,20,21,59,27,4
5877,23,16,24,72,97,37,30,42,20,21,59,27,4
5878,42,60,24,72,97,37,30,42,20,21,59,27,4
5879,23,60,24,72,97,37,30,42,20,21,59,27,4
5880,42,16,42,72,97,37,30,42,20,21,59,27,4
5881,23,16,42,72,97,37,30,42,20,21,59,27,4
5882,42,60,42,72,97,37,30,42,20,21,59,27,4
5883,23,60,42,72,97,37,30,42,20,21,59,27,4
5884,42,16,24,49,97,37,30,42,20,21,59,27,4
5885,23,16,24,49,97,37,30,42,20,21,59,27,4
5886,42,60,24,49,97,37,30,42,20,21,59,27,4
5887,23,60,24,49,97,37,30,42,20,21,59,27,4
5888,42,16,42,49,97,37,30,42,20,21,59,27,4
5889,23,16,42,49,97,37,30,42,20,21,59,27,4
5890,42,60,42,49,97,37,30,42,20,21,59,27,4
5891,23,60,42,49,97,37,30,42,20,21,59,27,4
5892,42,16,24,72,33,37,30,42,20,21,59,27,4
5893,23,16,24,72,33,37,30,42,20,21,59,27,4
5894,42,60,24,72,33,37,30,42,20,21,59,27,4
5895,23,60,24,72,33,37,30,42,20,21,59,27,4
5896,42,16,42,72,33,37,30,42,20,21,59,27,4
5897,23,16,42,72,33,37,30,42,20,21,59,27,4
5898,42,60,42,72,33,37,30,42,20,21,59,27,4
5899,23,60,42,72,33,37,30,42,20,21,59,27,4
5900,42,16,24,49,33,37,30,42,20,21,59,27,4
5901,23,16,24,49,33,37,30,42,20,21,59,27,4
5902,42,60,24,49,33,37,30,42,20,21,59,27,4
5903,23,60,24,49,33,37,30,42,20,21,59,27,4
5904,42,16,42,49,33,37,30,42,20,21,59,27,4
5905,23,16,42,49,33,37,30,42,20,21,59,27,4
5906,42,60,42,49,33,37,30,42,20,21,59,27,4
5907,23,60,42,49,33,37,30,42,20,21,59,27,4
5908,42,16,24,72,97,36,30,42,20,21,59,27,4
5909,23,16,24,72,97,36,30,42,20,21,59,27,4
5910,42,60,24,72,97,36,30,42,20,21,59,27,4
5911,23,60,24,72,97,36,30,42,20,21,59,27,4
5912,42,16,42,72,97,36,30,42,20,21,59,27,4
5913,23,16,42,72,97,36,30,42,20,21,59,27,4
5914,42,60,42,72,97,36,30,42,20,21,59,27,4
5915,23,60,42,72,97,36,30,42,20,21,59,27,4
5916,42,16,24,49,97,36,30,42,20,21,59,27,4
5917,23,16,24,49,97,36,30,42,20,21,59,27,4
5918,42,60,24,49,97,36,30,42,20,21,59,27,4
5919,23,60,24,49,97,36,30,42,20,21,59,27,4
5920,42,16,42,49,97,36,30,42,20,21,59,27,4
5921,23,16,42,49,97,36,30,42,20,21,59,27,4
5922,42,60,42,49,97,36,30,42,20,21,59,27,4
5923,23,60,42,49,97,36,30,42,20,21,59,27,4
5924,42,16,24,72,33,36,30,42,20,21,59,27,4
5925,23,16,24,72,33,36,30,42,20,21,59,27,4
5926,42,60,24,72,33,36,30,42,20,21,59,27,4
5927,23,60,24,72,33,36,30,42,20,21,59,27,4
5928,42,16,42,72,33,36,30,42,20,21,59,27,4
5929,23,16,42,72,33,36,30,42,20,21,59,27,4
5930,42,60,42,72,33,36,30,42,20,21,59,27,4
5931,23,60,42,72,33,36,30,42,20,21,59,27,4
5932,42,16,24,49,33,36,30,42,20,21,59,27,4
5933,23,16,24,49,33,36,30,42,20,21,59,27,4
5934,42,60,24,49,33,36,30,42,20,21,59,27,4
5935,23,60,24,49,33,36,30,42,20,21,59,27,4
5936,42,16,42,49,33,36,30,42,20,21,59,27,4
5937,23,16,42,49,33,36,30,42,20,21,59,27,4
5938,42,60,42,49,33,36,30,42,20,21,59,27,4
5939,23,60,42,49,33,36,30,42,20,21,59,27,4
5940,23,16,24,72,97,37,44,78,66,80,2,65,4
5941,42,60,24,72,97,37,44,78,66,80,2,65,4
5942,23,60,24,72,97,37,44,78,66,80,2,65,4
5943,42,16,42,72,97,37,44,78,66,80,2,65,4
5944,23,16,42,72,97,37,44,78,66,80,2,65,4
5945,42,60,42,72,97,37,44,78,66,80,2,65,4
5946,23,60,42,72,97,37,44,78,66,80,2,65,4
5947,42,16,24,49,97,37,44,78,66,80,2,65,4
5948,23,16,24,49,97,37,44,78,66,80,2,65,4
5949,42,60,24,49,97,37,44,78,66,80,2,65,4
5950,23,60,24,49,97,37,44,78,66,80,2,65,4
5951,42,16,42,49,97,37,44,78,66,80,2,65,4
5952,23,16,42,49,97,37,44,78,66,80,2,65,4
5953,42,60,42,49,97,37,44,78,66,80,2,65,4
5954,23,60,42,49,97,37,44,78,66,80,2,65,4
5955,42,16,24,72,33,37,44,78,66,80,2,65,4
5956,23,16,24,72,33,37,44,78,66,80,2,65,4
5957,42,60,24,72,33,37,44,78,66,80,2,65,4
5958,23,60,24,72,33,37,44,78,66,80,2,65,4
5959,42,16,42,72,33,37,44,78,66,80,2,65,4
5960,23,16,42,72,33,37,44,78,66,80,2,65,4
5961,42,60,42,72,33,37,44,78,66,80,2,65,4
5962,23,60,42,72,33,37,44,78,66,80,2,65,4
5963,42,16,24,49,33,37,44,78,66,80,2,65,4
5964,23,16,24,49,33,37,44,78,66,80,2,65,4
5965,42,60,24,49,33,37,44,78,66,80,2,65,4
5966,23,60,24,49,33,37,44,78,66,80,2,65,4
5967,42,16,42,49,33,37,44,78,66,80,2,65,4
5968,23,16,42,49,33,37,44,78,66,80,2,65,4
5969,42,60,42,49,33,37,44,78,66,80,2,65,4
5970,23,60,42,49,33,37,44,78,66,80,2,65,4
5971,42,16,24,72,97,36,44,78,66,80,2,65,4
5972,23,16,24,72,97,36,44,78,66,80,2,65,4
5973,42,60,24,72,97,36,44,78,66,80,2,65,4
5974,23,60,24,72,97,36,44,78,66,80,2,65,4
5975,42,16,42,72,97,36,44,78,66,80,2,65,4
5976,23,16,42,72,97,36,44,78,66,80,2,65,4
5977,42,60,42,72,97,36,44,78,66,80,2,65,4
5978,23,60,42,72,97,36,44,78,66,80,2,65,4
5979,42,16,24,49,97,36,44,78,66,80,2,65,4
5980,23,16,24,49,97,36,44,78,66,80,2,65,4
5981,42,60,24,49,97,36,44,78,66,80,2,65,4
5982,23,60,24,49,97,36,44,78,66,80,2,65,4
5983,42,16,42,49,97,36,44,78,66,80,2,65,4
5984,23,16,42,49,97,36,44,78,66,80,2,65,4
5985,42,60,42,49,97,36,44,78,66,80,2,65,4
5986,23,60,42,49,97,36,44,78,66,80,2,65,4
5987,42,16,24,72,33,36,44,78,66,80,2,65,4
5988,23,16,24,72,33,36,44,78,66,80,2,65,4
5989,42,60,24,72,33,36,44,78,66,80,2,65,4
5990,23,60,24,72,33,36,44,78,66,80,2,65,4
5991,42,16,42,72,33,36,44,78,66,80,2,65,4
5992,23,16,42,72,33,36,44,78,66,80,2,65,4
5993,42,60,42,72,33,36,44,78,66,80,2,65,4
5994,23,60,42,72,33,36,44,78,66,80,2,65,4
5995,42,16,24,49,33,36,44,78,66,80,2,65,4
5996,23,16,24,49,33,36,44,78,66,80,2,65,4
5997,42,60,24,49,33,36,44,78,66,80,2,65,4
5998,23,60,24,49,33,36,44,78,66,80,2,65,4
5999,42,16,42,49,33,36,44,78,66,80,2,65,4
6000,23,16,42,49,33,36,44,78,66,80,2,65,4
6001,42,60,42,49,33,36,44,78,66,80,2,65,4
6002,23,60,42,49,33,36,44,78,66,80,2,65,4
6003,42,16,24,72,97,37,30,78,66,80,2,65,4
6004,23,16,24,72,97,37,30,78,66,80,2,65,4
6005,42,60,24,72,97,37,30,78,66,80,2,65,4
6006,23,60,24,72,97,37,30,78,66,80,2,65,4
6007,42,16,42,72,97,37,30,78,66,80,2,65,4
6008,23,16,42,72,97,37,30,78,66,80,2,65,4
6009,42,60,42,72,97,37,30,78,66,80,2,65,4
6010,23,60,42,72,97,37,30,78,66,80,2,65,4
6011,42,16,24,49,97,37,30,78,66,80,2,65,4
6012,23,16,24,49,97,37,30,78,66,80,2,65,4
6013,42,60,24,49,97,37,30,78,66,80,2,65,4
6014,23,60,24,49,97,37,30,78,66,80,2,65,4
6015,42,16,42,49,97,37,30,78,66,80,2,65,4
6016,23,16,42,49,97,37,30,78,66,80,2,65,4
6017,42,60,42,49,97,37,30,78,66,80,2,65,4
6018,23,60,42,49,97,37,30,78,66,80,2,65,4
6019,42,16,24,72,33,37,30,78,66,80,2,65,4
6020,23,16,24,72,33,37,30,78,66,80,2,65,4
6021,23,60,24,72,33,37,30,78,66,80,2,65,4
6022,42,16,42,72,33,37,30,78,66,80,2,65,4
6023,23,16,42,72,33,37,30,78,66,80,2,65,4
6024,42,60,42,72,33,37,30,78,66,80,2,65,4
6025,23,60,42,72,33,37,30,78,66,80,2,65,4
6026,42,16,24,49,33,37,30,78,66,80,2,65,4
6027,23,16,24,49,33,37,30,78,66,80,2,65,4
6028,42,60,24,49,33,37,30,78,66,80,2,65,4
6029,23,60,24,49,33,37,30,78,66,80,2,65,4
6030,42,16,42,49,33,37,30,78,66,80,2,65,4
6031,23,16,42,49,33,37,30,78,66,80,2,65,4
6032,42,60,42,49,33,37,30,78,66,80,2,65,4
6033,23,60,42,49,33,37,30,78,66,80,2,65,4
6034,42,16,24,72,97,36,30,78,66,80,2,65,4
6035,23,16,24,72,97,36,30,78,66,80,2,65,4
6036,42,60,24,72,97,36,30,78,66,80,2,65,4
6037,23,60,24,72,97,36,30,78,66,80,2,65,4
6038,42,16,42,72,97,36,30,78,66,80,2,65,4
6039,23,16,42,72,97,36,30,78,66,80,2,65,4
6040,42,60,42,72,97,36,30,78,66,80,2,65,4
6041,23,60,42,72,97,36,30,78,66,80,2,65,4
6042,42,16,24,49,97,36,30,78,66,80,2,65,4
6043,23,16,24,49,97,36,30,78,66,80,2,65,4
6044,42,60,24,49,97,36,30,78,66,80,2,65,4
6045,23,60,24,49,97,36,30,78,66,80,2,65,4
6046,42,16,42,49,97,36,30,78,66,80,2,65,4
6047,23,16,42,49,97,36,30,78,66,80,2,65,4
6048,42,60,42,49,97,36,30,78,66,80,2,65,4
6049,23,60,42,49,97,36,30,78,66,80,2,65,4
6050,42,16,24,72,33,36,30,78,66,80,2,65,4
6051,23,16,24,72,33,36,30,78,66,80,2,65,4
6052,42,60,24,72,33,36,30,78,66,80,2,65,4
6053,23,60,24,72,33,36,30,78,66,80,2,65,4
6054,42,16,42,72,33,36,30,78,66,80,2,65,4
6055,23,16,42,72,33,36,30,78,66,80,2,65,4
6056,42,60,42,72,33,36,30,78,66,80,2,65,4
6057,23,60,42,72,33,36,30,78,66,80,2,65,4
6058,42,16,24,49,33,36,30,78,66,80,2,65,4
6059,23,16,24,49,33,36,30,78,66,80,2,65,4
6060,42,60,24,49,33,36,30,78,66,80,2,65,4
6061,23,60,24,49,33,36,30,78,66,80,2,65,4
6062,42,16,42,49,33,36,30,78,66,80,2,65,4
6063,23,16,42,49,33,36,30,78,66,80,2,65,4
6064,42,60,42,49,33,36,30,78,66,80,2,65,4
6065,23,60,42,49,33,36,30,78,66,80,2,65,4
6066,42,16,24,72,97,37,44,42,66,80,2,65,4
6067,23,16,24,72,97,37,44,42,66,80,2,65,4
6068,42,60,24,72,97,37,44,42,66,80,2,65,4
6069,23,60,24,72,97,37,44,42,66,80,2,65,4
6070,42,16,42,72,97,37,44,42,66,80,2,65,4
6071,23,16,42,72,97,37,44,42,66,80,2,65,4
6072,42,60,42,72,97,37,44,42,66,80,2,65,4
6073,23,60,42,72,97,37,44,42,66,80,2,65,4
6074,42,16,24,49,97,37,44,42,66,80,2,65,4
6075,23,16,24,49,97,37,44,42,66,80,2,65,4
6076,42,60,24,49,97,37,44,42,66,80,2,65,4
6077,23,60,24,49,97,37,44,42,66,80,2,65,4
6078,42,16,42,49,97,37,44,42,66,80,2,65,4
6079,23,16,42,49,97,37,44,42,66,80,2,65,4
6080,42,60,42,49,97,37,44,42,66,80,2,65,4
6081,23,60,42,49,97,37,44,42,66,80,2,65,4
6082,42,16,24,72,33,37,44,42,66,80,2,65,4
6083,23,16,24,72,33,37,44,42,66,80,2,65,4
6084,42,60,24,72,33,37,44,42,66,80,2,65,4
6085,23,60,24,72,33,37,44,42,66,80,2,65,4
6086,42,16,42,72,33,37,44,42,66,80,2,65,4
6087,23,16,42,72,33,37,44,42,66,80,2,65,4
6088,42,60,42,72,33,37,44,42,66,80,2,65,4
6089,23,60,42,72,33,37,44,42,66,80,2,65,4
6090,42,16,24,49,33,37,44,42,66,80,2,65,4
6091,23,16,24,49,33,37,44,42,66,80,2,65,4
6092,42,60,24,49,33,37,44,42,66,80,2,65,4
6093,23,60,24,49,33,37,44,42,66,80,2,65,4
6094,42,16,42,49,33,37,44,42,66,80,2,65,4
6095,23,16,42,49,33,37,44,42,66,80,2,65,4
6096,42,60,42,49,33,37,44,42,66,80,2,65,4
6097,23,60,42,49,33,37,44,42,66,80,2,65,4
6098,42,16,24,72,97,36,44,42,66,80,2,65,4
6099,23,16,24,72,97,36,44,42,66,80,2,65,4
6100,42,60,24,72,97,36,44,42,66,80,2,65,4
6101,23,60,24,72,97,36,44,42,66,80,2,65,4
6102,42,16,42,72,97,36,44,42,66,80,2,65,4
6103,23,16,42,72,97,36,44,42,66,80,2,65,4
6104,42,60,42,72,97,36,44,42,66,80,2,65,4
6105,23,60,42,72,97,36,44,42,66,80,2,65,4
6106,42,16,24,49,97,36,44,42,66,80,2,65,4
6107,23,16,24,49,97,36,44,42,66,80,2,65,4
6108,42,60,24,49,97,36,44,42,66,80,2,65,4
6109,23,60,24,49,97,36,44,42,66,80,2,65,4
6110,42,16,42,49,97,36,44,42,66,80,2,65,4
6111,23,16,42,49,97,36,44,42,66,80,2,65,4
6112,42,60,42,49,97,36,44,42,66,80,2,65,4
6113,23,60,42,49,97,36,44,42,66,80,2,65,4
6114,42,16,24,72,33,36,44,42,66,80,2,65,4
6115,23,16,24,72,33,36,44,42,66,80,2,65,4
6116,42,60,24,72,33,36,44,42,66,80,2,65,4
6117,23,60,24,72,33,36,44,42,66,80,2,65,4
6118,42,16,42,72,33,36,44,42,66,80,2,65,4
6119,23,16,42,72,33,36,44,42,66,80,2,65,4
6120,42,60,42,72,33,36,44,42,66,80,2,65,4
6121,23,60,42,72,33,36,44,42,66,80,2,65,4
6122,42,16,24,49,33,36,44,42,66,80,2,65,4
6123,23,16,24,49,33,36,44,42,66,80,2,65,4
6124,42,60,24,49,33,36,44,42,66,80,2,65,4
6125,23,60,24,49,33,36,44,42,66,80,2,65,4
6126,42,16,42,49,33,36,44,42,66,80,2,65,4
6127,23,16,42,49,33,36,44,42,66,80,2,65,4
6128,42,60,42,49,33,36,44,42,66,80,2,65,4
6129,23,60,42,49,33,36,44,42,66,80,2,65,4
6130,42,16,24,72,97,37,30,42,66,80,2,65,4
6131,23,16,24,72,97,37,30,42,66,80,2,65,4
6132,42,60,24,72,97,37,30,42,66,80,2,65,4
6133,23,60,24,72,97,37,30,42,66,80,2,65,4
6134,42,16,42,72,97,37,30,42,66,80,2,65,4
6135,23,16,42,72,97,37,30,42,66,80,2,65,4
6136,42,60,42,72,97,37,30,42,66,80,2,65,4
6137,23,60,42,72,97,37,30,42,66,80,2,65,4
6138,42,16,24,49,97,37,30,42,66,80,2,65,4
6139,23,16,24,49,97,37,30,42,66,80,2,65,4
6140,42,60,24,49,97,37,30,42,66,80,2,65,4
6141,23,60,24,49,97,37,30,42,66,80,2,65,4
6142,42,16,42,49,97,37,30,42,66,80,2,65,4
6143,23,16,42,49,97,37,30,42,66,80,2,65,4
6144,42,60,42,49,97,37,30,42,66,80,2,65,4
6145,23,60,42,49,97,37,30,42,66,80,2,65,4
6146,42,16,24,72,33,37,30,42,66,80,2,65,4
6147,23,16,24,72,33,37,30,42,66,80,2,65,4
6148,42,60,24,72,33,37,30,42,66,80,2,65,4
6149,23,60,24,72,33,37,30,42,66,80,2,65,4
6150,42,16,42,72,33,37,30,42,66,80,2,65,4
6151,23,16,42,72,33,37,30,42,66,80,2,65,4
6152,42,60,42,72,33,37,30,42,66,80,2,65,4
6153,23,60,42,72,33,37,30,42,66,80,2,65,4
6154,42,16,24,49,33,37,30,42,66,80,2,65,4
6155,23,16,24,49,33,37,30,42,66,80,2,65,4
6156,23,60,24,49,33,37,30,42,66,80,2,65,4
6157,42,16,42,49,33,37,30,42,66,80,2,65,4
6158,23,16,42,49,33,37,30,42,66,80,2,65,4
6159,42,60,42,49,33,37,30,42,66,80,2,65,4
6160,23,60,42,49,33,37,30,42,66,80,2,65,4
6161,42,16,24,72,97,36,30,42,66,80,2,65,4
6162,23,16,24,72,97,36,30,42,66,80,2,65,4
6163,42,60,24,72,97,36,30,42,66,80,2,65,4
6164,23,60,24,72,97,36,30,42,66,80,2,65,4
6165,42,16,42,72,97,36,30,42,66,80,2,65,4
6166,23,16,42,72,97,36,30,42,66,80,2,65,4
6167,42,60,42,72,97,36,30,42,66,80,2,65,4
6168,23,60,42,72,97,36,30,42,66,80,2,65,4
6169,42,16,24,49,97,36,30,42,66,80,2,65,4
6170,23,16,24,49,97,36,30,42,66,80,2,65,4
6171,42,60,24,49,97,36,30,42,66,80,2,65,4
6172,23,60,24,49,97,36,30,42,66,80,2,65,4
6173,42,16,42,49,97,36,30,42,66,80,2,65,4
6174,23,16,42,49,97,36,30,42,66,80,2,65,4
6175,42,60,42,49,97,36,30,42,66,80,2,65,4
6176,23,60,42,49,97,36,30,42,66,80,2,65,4
6177,42,16,24,72,33,36,30,42,66,80,2,65,4
6178,23,16,24,72,33,36,30,42,66,80,2,65,4
6179,42,60,24,72,33,36,30,42,66,80,2,65,4
6180,23,60,24,72,33,36,30,42,66,80,2,65,4
6181,42,16,42,72,33,36,30,42,66,80,2,65,4
6182,23,16,42,72,33,36,30,42,66,80,2,65,4
6183,42,60,42,72,33,36,30,42,66,80,2,65,4
6184,23,60,42,72,33,36,30,42,66,80,2,65,4
6185,42,16,24,49,33,36,30,42,66,80,2,65,4
6186,23,16,24,49,33,36,30,42,66,80,2,65,4
6187,42,60,24,49,33,36,30,42,66,80,2,65,4
6188,23,60,24,49,33,36,30,42,66,80,2,65,4
6189,42,16,42,49,33,36,30,42,66,80,2,65,4
6190,23,16,42,49,33,36,30,42,66,80,2,65,4
6191,42,60,42,49,33,36,30,42,66,80,2,65,4
6192,23,60,42,49,33,36,30,42,66,80,2,65,4
6193,42,16,24,72,97,37,44,78,20,80,2,65,4
6194,23,16,24,72,97,37,44,78,20,80,2,65,4
6195,42,60,24,72,97,37,44,78,20,80,2,65,4
6196,23,60,24,72,97,37,44,78,20,80,2,65,4
6197,42,16,42,72,97,37,44,78,20,80,2,65,4
6198,23,16,42,72,97,37,44,78,20,80,2,65,4
6199,42,60,42,72,97,37,44,78,20,80,2,65,4
6200,23,60,42,72,97,37,44,78,20,80,2,65,4
6201,42,16,24,49,97,37,44,78,20,80,2,65,4
6202,23,16,24,49,97,37,44,78,20,80,2,65,4
6203,23,60,24,49,97,37,44,78,20,80,2,65,4
6204,42,16,42,49,97,37,44,78,20,80,2,65,4
6205,23,16,42,49,97,37,44,78,20,80,2,65,4
6206,42,60,42,49,97,37,44,78,20,80,2,65,4
6207,23,60,42,49,97,37,44,78,20,80,2,65,4
6208,42,16,24,72,33,37,44,78,20,80,2,65,4
6209,23,16,24,72,33,37,44,78,20,80,2,65,4
6210,42,60,24,72,33,37,44,78,20,80,2,65,4
6211,23,60,24,72,33,37,44,78,20,80,2,65,4
6212,42,16,42,72,33,37,44,78,20,80,2,65,4
6213,23,16,42,72,33,37,44,78,20,80,2,65,4
6214,42,60,42,72,33,37,44,78,20,80,2,65,4
6215,23,60,42,72,33,37,44,78,20,80,2,65,4
6216,42,16,24,49,33,37,44,78,20,80,2,65,4
6217,23,16,24,49,33,37,44,78,20,80,2,65,4
6218,42,60,24,49,33,37,44,78,20,80,2,65,4
6219,23,60,24,49,33,37,44,78,20,80,2,65,4
6220,42,16,42,49,33,37,44,78,20,80,2,65,4
6221,23,16,42,49,33,37,44,78,20,80,2,65,4
6222,42,60,42,49,33,37,44,78,20,80,2,65,4
6223,23,60,42,49,33,37,44,78,20,80,2,65,4
6224,42,16,24,72,97,36,44,78,20,80,2,65,4
6225,23,16,24,72,97,36,44,78,20,80,2,65,4
6226,42,60,24,72,97,36,44,78,20,80,2,65,4
6227,23,60,24,72,97,36,44,78,20,80,2,65,4
6228,42,16,42,72,97,36,44,78,20,80,2,65,4
6229,23,16,42,72,97,36,44,78,20,80,2,65,4
6230,42,60,42,72,97,36,44,78,20,80,2,65,4
6231,23,60,42,72,97,36,44,78,20,80,2,65,4
6232,42,16,24,49,97,36,44,78,20,80,2,65,4
6233,23,16,24,49,97,36,44,78,20,80,2,65,4
6234,42,60,24,49,97,36,44,78,20,80,2,65,4
6235,23,60,24,49,97,36,44,78,20,80,2,65,4
6236,42,16,42,49,97,36,44,78,20,80,2,65,4
6237,23,16,42,49,97,36,44,78,20,80,2,65,4
6238,42,60,42,49,97,36,44,78,20,80,2,65,4
6239,23,60,42,49,97,36,44,78,20,80,2,65,4
6240,42,16,24,72,33,36,44,78,20,80,2,65,4
6241,23,16,24,72,33,36,44,78,20,80,2,65,4
6242,42,60,24,72,33,36,44,78,20,80,2,65,4
6243,23,60,24,72,33,36,44,78,20,80,2,65,4
6244,42,16,42,72,33,36,44,78,20,80,2,65,4
6245,23,16,42,72,33,36,44,78,20,80,2,65,4
6246,42,60,42,72,33,36,44,78,20,80,2,65,4
6247,23,60,42,72,33,36,44,78,20,80,2,65,4
6248,42,16,24,49,33,36,44,78,20,80,2,65,4
6249,23,16,24,49,33,36,44,78,20,80,2,65,4
6250,42,60,24,49,33,36,44,78,20,80,2,65,4
6251,23,60,24,49,33,36,44,78,20,80,2,65,4
6252,42,16,42,49,33,36,44,78,20,80,2,65,4
6253,23,16,42,49,33,36,44,78,20,80,2,65,4
6254,42,60,42,49,33,36,44,78,20,80,2,65,4
6255,23,60,42,49,33,36,44,78,20,80,2,65,4
6256,42,16,24,72,97,37,30,78,20,80,2,65,4
6257,23,16,24,72,97,37,30,78,20,80,2,65,4
6258,42,60,24,72,97,37,30,78,20,80,2,65,4
6259,23,60,24,72,97,37,30,78,20,80,2,65,4
6260,42,16,42,72,97,37,30,78,20,80,2,65,4
6261,23,16,42,72,97,37,30,78,20,80,2,65,4
6262,42,60,42,72,97,37,30,78,20,80,2,65,4
6263,23,60,42,72,97,37,30,78,20,80,2,65,4
6264,42,16,24,49,97,37,30,78,20,80,2,65,4
6265,23,16,24,49,97,37,30,78,20,80,2,65,4
6266,42,60,24,49,97,37,30,78,20,80,2,65,4
6267,23,60,24,49,97,37,30,78,20,80,2,65,4
6268,42,16,42,49,97,37,30,78,20,80,2,65,4
6269,23,16,42,49,97,37,30,78,20,80,2,65,4
6270,42,60,42,49,97,37,30,78,20,80,2,65,4
6271,23,60,42,49,97,37,30,78,20,80,2,65,4
6272,42,16,24,72,33,37,30,78,20,80,2,65,4
6273,23,16,24,72,33,37,30,78,20,80,2,65,4
6274,23,60,24,72,33,37,30,78,20,80,2,65,4
6275,42,16,42,72,33,37,30,78,20,80,2,65,4
6276,23,16,42,72,33,37,30,78,20,80,2,65,4
6277,42,60,42,72,33,37,30,78,20,80,2,65,4
6278,23,60,42,72,33,37,30,78,20,80,2,65,4
6279,42,16,24,49,33,37,30,78,20,80,2,65,4
6280,23,16,24,49,33,37,30,78,20,80,2,65,4
6281,23,60,24,49,33,37,30,78,20,80,2,65,4
6282,42,16,42,49,33,37,30,78,20,80,2,65,4
6283,23,16,42,49,33,37,30,78,20,80,2,65,4
6284,42,60,42,49,33,37,30,78,20,80,2,65,4
6285,23,60,42,49,33,37,30,78,20,80,2,65,4
6286,42,16,24,72,97,36,30,78,20,80,2,65,4
6287,23,16,24,72,97,36,30,78,20,80,2,65,4
6288,42,60,24,72,97,36,30,78,20,80,2,65,4
6289,23,60,24,72,97,36,30,78,20,80,2,65,4
6290,42,16,42,72,97,36,30,78,20,80,2,65,4
6291,23,16,42,72,97,36,30,78,20,80,2,65,4
6292,42,60,42,72,97,36,30,78,20,80,2,65,4
6293,23,60,42,72,97,36,30,78,20,80,2,65,4
6294,42,16,24,49,97,36,30,78,20,80,2,65,4
6295,23,16,24,49,97,36,30,78,20,80,2,65,4
6296,42,60,24,49,97,36,30,78,20,80,2,65,4
6297,23,60,24,49,97,36,30,78,20,80,2,65,4
6298,42,16,42,49,97,36,30,78,20,80,2,65,4
6299,23,16,42,49,97,36,30,78,20,80,2,65,4
6300,42,60,42,49,97,36,30,78,20,80,2,65,4
6301,23,60,42,49,97,36,30,78,20,80,2,65,4
6302,42,16,24,72,33,36,30,78,20,80,2,65,4
6303,23,16,24,72,33,36,30,78,20,80,2,65,4
6304,42,60,24,72,33,36,30,78,20,80,2,65,4
6305,23,60,24,72,33,36,30,78,20,80,2,65,4
6306,42,16,42,72,33,36,30,78,20,80,2,65,4
6307,23,16,42,72,33,36,30,78,20,80,2,65,4
6308,42,60,42,72,33,36,30,78,20,80,2,65,4
6309,23,60,42,72,33,36,30,78,20,80,2,65,4
6310,42,16,24,49,33,36,30,78,20,80,2,65,4
6311,23,16,24,49,33,36,30,78,20,80,2,65,4
6312,42,60,24,49,33,36,30,78,20,80,2,65,4
6313,23,60,24,49,33,36,30,78,20,80,2,65,4
6314,42,16,42,49,33,36,30,78,20,80,2,65,4
6315,23,16,42,49,33,36,30,78,20,80,2,65,4
6316,42,60,42,49,33,36,30,78,20,80,2,65,4
6317,23,60,42,49,33,36,30,78,20,80,2,65,4
6318,42,16,24,72,97,37,44,42,20,80,2,65,4
6319,23,16,24,72,97,37,44,42,20,80,2,65,4
6320,42,60,24,72,97,37,44,42,20,80,2,65,4
6321,23,60,24,72,97,37,44,42,20,80,2,65,4
6322,42,16,42,72,97,37,44,42,20,80,2,65,4
6323,23,16,42,72,97,37,44,42,20,80,2,65,4
6324,42,60,42,72,97,37,44,42,20,80,2,65,4
6325,23,60,42,72,97,37,44,42,20,80,2,65,4
6326,42,16,24,49,97,37,44,42,20,80,2,65,4
6327,23,16,24,49,97,37,44,42,20,80,2,65,4
6328,42,60,24,49,97,37,44,42,20,80,2,65,4
6329,23,60,24,49,97,37,44,42,20,80,2,65,4
6330,42,16,42,49,97,37,44,42,20,80,2,65,4
6331,23,16,42,49,97,37,44,42,20,80,2,65,4
6332,42,60,42,49,97,37,44,42,20,80,2,65,4
6333,23,60,42,49,97,37,44,42,20,80,2,65,4
6334,42,16,24,72,33,37,44,42,20,80,2,65,4
6335,23,16,24,72,33,37,44,42,20,80,2,65,4
6336,42,60,24,72,33,37,44,42,20,80,2,65,4
6337,23,60,24,72,33,37,44,42,20,80,2,65,4
6338,42,16,42,72,33,37,44,42,20,80,2,65,4
6339,23,16,42,72,33,37,44,42,20,80,2,65,4
6340,42,60,42,72,33,37,44,42,20,80,2,65,4
6341,23,60,42,72,33,37,44,42,20,80,2,65,4
6342,42,16,24,49,33,37,44,42,20,80,2,65,4
6343,23,16,24,49,33,37,44,42,20,80,2,65,4
6344,42,60,24,49,33,37,44,42,20,80,2,65,4
6345,23,60,24,49,33,37,44,42,20,80,2,65,4
6346,42,16,42,49,33,37,44,42,20,80,2,65,4
6347,23,16,42,49,33,37,44,42,20,80,2,65,4
6348,42,60,42,49,33,37,44,42,20,80,2,65,4
6349,23,60,42,49,33,37,44,42,20,80,2,65,4
6350,42,16,24,72,97,36,44,42,20,80,2,65,4
6351,23,16,24,72,97,36,44,42,20,80,2,65,4
6352,42,60,24,72,97,36,44,42,20,80,2,65,4
6353,23,60,24,72,97,36,44,42,20,80,2,65,4
6354,42,16,42,72,97,36,44,42,20,80,2,65,4
6355,23,16,42,72,97,36,44,42,20,80,2,65,4
6356,42,60,42,72,97,36,44,42,20,80,2,65,4
6357,23,60,42,72,97,36,44,42,20,80,2,65,4
6358,42,16,24,49,97,36,44,42,20,80,2,65,4
6359,23,16,24,49,97,36,44,42,20,80,2,65,4
6360,42,60,24,49,97,36,44,42,20,80,2,65,4
6361,23,60,24,49,97,36,44,42,20,80,2,65,4
6362,42,16,42,49,97,36,44,42,20,80,2,65,4
6363,23,16,42,49,97,36,44,42,20,80,2,65,4
6364,42,60,42,49,97,36,44,42,20,80,2,65,4
6365,23,60,42,49,97,36,44,42,20,80,2,65,4
6366,42,16,24,72,33,36,44,42,20,80,2,65,4
6367,23,16,24,72,33,36,44,42,20,80,2,65,4
6368,42,60,24,72,33,36,44,42,20,80,2,65,4
6369,23,60,24,72,33,36,44,42,20,80,2,65,4
6370,42,16,42,72,33,36,44,42,20,80,2,65,4
6371,23,16,42,72,33,36,44,42,20,80,2,65,4
6372,42,60,42,72,33,36,44,42,20,80,2,65,4
6373,23,60,42,72,33,36,44,42,20,80,2,65,4
6374,42,16,24,49,33,36,44,42,20,80,2,65,4
6375,23,16,24,49,33,36,44,42,20,80,2,65,4
6376,42,60,24,49,33,36,44,42,20,80,2,65,4
6377,23,60,24,49,33,36,44,42,20,80,2,65,4
6378,42,16,42,49,33,36,44,42,20,80,2,65,4
6379,23,16,42,49,33,36,44,42,20,80,2,65,4
6380,42,60,42,49,33,36,44,42,20,80,2,65,4
6381,23,60,42,49,33,36,44,42,20,80,2,65,4
6382,42,16,24,72,97,37,30,42,20,80,2,65,4
6383,23,16,24,72,97,37,30,42,20,80,2,65,4
6384,42,60,24,72,97,37,30,42,20,80,2,65,4
6385,23,60,24,72,97,37,30,42,20,80,2,65,4
6386,42,16,42,72,97,37,30,42,20,80,2,65,4
6387,23,16,42,72,97,37,30,42,20,80,2,65,4
6388,42,60,42,72,97,37,30,42,20,80,2,65,4
6389,23,60,42,72,97,37,30,42,20,80,2,65,4
6390,42,16,24,49,97,37,30,42,20,80,2,65,4
6391,23,16,24,49,97,37,30,42,20,80,2,65,4
6392,23,60,24,49,97,37,30,42,20,80,2,65,4
6393,42,16,42,49,97,37,30,42,20,80,2,65,4
6394,23,16,42,49,97,37,30,42,20,80,2,65,4
6395,42,60,42,49,97,37,30,42,20,80,2,65,4
6396,42,16,24,72,33,37,30,42,20,80,2,65,4
6397,23,16,24,72,33,37,30,42,20,80,2,65,4
6398,42,60,24,72,33,37,30,42,20,80,2,65,4
6399,23,60,24,72,33,37,30,42,20,80,2,65,4
6400,42,16,42,72,33,37,30,42,20,80,2,65,4
6401,23,16,42,72,33,37,30,42,20,80,2,65,4
6402,42,60,42,72,33,37,30,42,20,80,2,65,4
6403,23,60,42,72,33,37,30,42,20,80,2,65,4
6404,42,16,24,49,33,37,30,42,20,80,2,65,4
6405,23,16,24,49,33,37,30,42,20,80,2,65,4
6406,42,60,24,49,33,37,30,42,20,80,2,65,4
6407,23,60,24,49,33,37,30,42,20,80,2,65,4
6408,42,16,42,49,33,37,30,42,20,80,2,65,4
6409,23,16,42,49,33,37,30,42,20,80,2,65,4
6410,42,60,42,49,33,37,30,42,20,80,2,65,4
6411,23,60,42,49,33,37,30,42,20,80,2,65,4
6412,42,16,24,72,97,36,30,42,20,80,2,65,4
6413,23,16,24,72,97,36,30,42,20,80,2,65,4
6414,42,60,24,72,97,36,30,42,20,80,2,65,4
6415,23,60,24,72,97,36,30,42,20,80,2,65,4
6416,42,16,42,72,97,36,30,42,20,80,2,65,4
6417,23,16,42,72,97,36,30,42,20,80,2,65,4
6418,42,60,42,72,97,36,30,42,20,80,2,65,4
6419,23,60,42,72,97,36,30,42,20,80,2,65,4
6420,42,16,24,49,97,36,30,42,20,80,2,65,4
6421,23,16,24,49,97,36,30,42,20,80,2,65,4
6422,42,60,24,49,97,36,30,42,20,80,2,65,4
6423,23,60,24,49,97,36,30,42,20,80,2,65,4
6424,42,16,42,49,97,36,30,42,20,80,2,65,4
6425,23,16,42,49,97,36,30,42,20,80,2,65,4
6426,42,60,42,49,97,36,30,42,20,80,2,65,4
6427,23,60,42,49,97,36,30,42,20,80,2,65,4
6428,42,16,24,72,33,36,30,42,20,80,2,65,4
6429,23,16,24,72,33,36,30,42,20,80,2,65,4
6430,42,60,24,72,33,36,30,42,20,80,2,65,4
6431,23,60,24,72,33,36,30,42,20,80,2,65,4
6432,42,16,42,72,33,36,30,42,20,80,2,65,4
6433,23,16,42,72,33,36,30,42,20,80,2,65,4
6434,42,60,42,72,33,36,30,42,20,80,2,65,4
6435,23,60,42,72,33,36,30,42,20,80,2,65,4
6436,42,16,24,49,33,36,30,42,20,80,2,65,4
6437,23,16,24,49,33,36,30,42,20,80,2,65,4
6438,42,60,24,49,33,36,30,42,20,80,2,65,4
6439,23,60,24,49,33,36,30,42,20,80,2,65,4
6440,42,16,42,49,33,36,30,42,20,80,2,65,4
6441,23,16,42,49,33,36,30,42,20,80,2,65,4
6442,42,60,42,49,33,36,30,42,20,80,2,65,4
6443,23,60,42,49,33,36,30,42,20,80,2,65,4
6444,42,16,24,72,97,37,44,78,66,21,2,65,4
6445,23,16,24,72,97,37,44,78,66,21,2,65,4
6446,42,60,24,72,97,37,44,78,66,21,2,65,4
6447,23,60,24,72,97,37,44,78,66,21,2,65,4
6448,42,16,42,72,97,37,44,78,66,21,2,65,4
6449,23,16,42,72,97,37,44,78,66,21,2,65,4
6450,42,60,42,72,97,37,44,78,66,21,2,65,4
6451,23,60,42,72,97,37,44,78,66,21,2,65,4
6452,42,16,24,49,97,37,44,78,66,21,2,65,4
6453,23,16,24,49,97,37,44,78,66,21,2,65,4
6454,42,60,24,49,97,37,44,78,66,21,2,65,4
6455,23,60,24,49,97,37,44,78,66,21,2,65,4
6456,42,16,42,49,97,37,44,78,66,21,2,65,4
6457,23,16,42,49,97,37,44,78,66,21,2,65,4
6458,42,60,42,49,97,37,44,78,66,21,2,65,4
6459,23,60,42,49,97,37,44,78,66,21,2,65,4
6460,42,16,24,72,33,37,44,78,66,21,2,65,4
6461,23,16,24,72,33,37,44,78,66,21,2,65,4
6462,42,60,24,72,33,37,44,78,66,21,2,65,4
6463,23,60,24,72,33,37,44,78,66,21,2,65,4
6464,42,16,42,72,33,37,44,78,66,21,2,65,4
6465,23,16,42,72,33,37,44,78,66,21,2,65,4
6466,42,60,42,72,33,37,44,78,66,21,2,65,4
6467,23,60,42,72,33,37,44,78,66,21,2,65,4
6468,42,16,24,49,33,37,44,78,66,21,2,65,4
6469,23,16,24,49,33,37,44,78,66,21,2,65,4
6470,42,60,24,49,33,37,44,78,66,21,2,65,4
6471,23,60,24,49,33,37,44,78,66,21,2,65,4
6472,42,16,42,49,33,37,44,78,66,21,2,65,4
6473,23,16,42,49,33,37,44,78,66,21,2,65,4
6474,42,60,42,49,33,37,44,78,66,21,2,65,4
6475,23,60,42,49,33,37,44,78,66,21,2,65,4
6476,42,16,24,72,97,36,44,78,66,21,2,65,4
6477,23,16,24,72,97,36,44,78,66,21,2,65,4
6478,42,60,24,72,97,36,44,78,66,21,2,65,4
6479,23,60,24,72,97,36,44,78,66,21,2,65,4
6480,42,16,42,72,97,36,44,78,66,21,2,65,4
6481,23,16,42,72,97,36,44,78,66,21,2,65,4
6482,42,60,42,72,97,36,44,78,66,21,2,65,4
6483,23,60,42,72,97,36,44,78,66,21,2,65,4
6484,42,16,24,49,97,36,44,78,66,21,2,65,4
6485,23,16,24,49,97,36,44,78,66,21,2,65,4
6486,42,60,24,49,97,36,44,78,66,21,2,65,4
6487,23,60,24,49,97,36,44,78,66,21,2,65,4
6488,42,16,42,49,97,36,44,78,66,21,2,65,4
6489,23,16,42,49,97,36,44,78,66,21,2,65,4
6490,42,60,42,49,97,36,44,78,66,21,2,65,4
6491,23,60,42,49,97,36,44,78,66,21,2,65,4
6492,42,16,24,72,33,36,44,78,66,21,2,65,4
6493,23,16,24,72,33,36,44,78,66,21,2,65,4
6494,42,60,24,72,33,36,44,78,66,21,2,65,4
6495,23,60,24,72,33,36,44,78,66,21,2,65,4
6496,42,16,42,72,33,36,44,78,66,21,2,65,4
6497,23,16,42,72,33,36,44,78,66,21,2,65,4
6498,42,60,42,72,33,36,44,78,66,21,2,65,4
6499,23,60,42,72,33,36,44,78,66,21,2,65,4
6500,42,16,24,49,33,36,44,78,66,21,2,65,4
6501,23,16,24,49,33,36,44,78,66,21,2,65,4
6502,42,60,24,49,33,36,44,78,66,21,2,65,4
6503,23,60,24,49,33,36,44,78,66,21,2,65,4
6504,42,16,42,49,33,36,44,78,66,21,2,65,4
6505,23,16,42,49,33,36,44,78,66,21,2,65,4
6506,42,60,42,49,33,36,44,78,66,21,2,65,4
6507,23,60,42,49,33,36,44,78,66,21,2,65,4
6508,42,16,24,72,97,37,30,78,66,21,2,65,4
6509,23,16,24,72,97,37,30,78,66,21,2,65,4
6510,42,60,24,72,97,37,30,78,66,21,2,65,4
6511,23,60,24,72,97,37,30,78,66,21,2,65,4
6512,42,16,42,72,97,37,30,78,66,21,2,65,4
6513,23,16,42,72,97,37,30,78,66,21,2,65,4
6514,42,60,42,72,97,37,30,78,66,21,2,65,4
6515,23,60,42,72,97,37,30,78,66,21,2,65,4
6516,42,16,24,49,97,37,30,78,66,21,2,65,4
6517,23,16,24,49,97,37,30,78,66,21,2,65,4
6518,42,60,24,49,97,37,30,78,66,21,2,65,4
6519,23,60,24,49,97,37,30,78,66,21,2,65,4
6520,42,16,42,49,97,37,30,78,66,21,2,65,4
6521,23,16,42,49,97,37,30,78,66,21,2,65,4
6522,42,60,42,49,97,37,30,78,66,21,2,65,4
6523,23,60,42,49,97,37,30,78,66,21,2,65,4
6524,42,16,24,72,33,37,30,78,66,21,2,65,4
6525,23,16,24,72,33,37,30,78,66,21,2,65,4
6526,42,60,24,72,33,37,30,78,66,21,2,65,4
6527,23,60,24,72,33,37,30,78,66,21,2,65,4
6528,42,16,42,72,33,37,30,78,66,21,2,65,4
6529,23,16,42,72,33,37,30,78,66,21,2,65,4
6530,42,60,42,72,33,37,30,78,66,21,2,65,4
6531,23,60,42,72,33,37,30,78,66,21,2,65,4
6532,42,16,24,49,33,37,30,78,66,21,2,65,4
6533,23,16,24,49,33,37,30,78,66,21,2,65,4
6534,42,60,24,49,33,37,30,78,66,21,2,65,4
6535,23,60,24,49,33,37,30,78,66,21,2,65,4
6536,42,16,42,49,33,37,30,78,66,21,2,65,4
6537,23,16,42,49,33,37,30,78,66,21,2,65,4
6538,42,60,42,49,33,37,30,78,66,21,2,65,4
6539,23,60,42,49,33,37,30,78,66,21,2,65,4
6540,42,16,24,72,97,36,30,78,66,21,2,65,4
6541,23,16,24,72,97,36,30,78,66,21,2,65,4
6542,42,60,24,72,97,36,30,78,66,21,2,65,4
6543,23,60,24,72,97,36,30,78,66,21,2,65,4
6544,42,16,42,72,97,36,30,78,66,21,2,65,4
6545,23,16,42,72,97,36,30,78,66,21,2,65,4
6546,42,60,42,72,97,36,30,78,66,21,2,65,4
6547,23,60,42,72,97,36,30,78,66,21,2,65,4
6548,42,16,24,49,97,36,30,78,66,21,2,65,4
6549,23,16,24,49,97,36,30,78,66,21,2,65,4
6550,42,60,24,49,97,36,30,78,66,21,2,65,4
6551,23,60,24,49,97,36,30,78,66,21,2,65,4
6552,42,16,42,49,97,36,30,78,66,21,2,65,4
6553,23,16,42,49,97,36,30,78,66,21,2,65,4
6554,42,60,42,49,97,36,30,78,66,21,2,65,4
6555,23,60,42,49,97,36,30,78,66,21,2,65,4
6556,42,16,24,72,33,36,30,78,66,21,2,65,4
6557,23,16,24,72,33,36,30,78,66,21,2,65,4
6558,42,60,24,72,33,36,30,78,66,21,2,65,4
6559,23,60,24,72,33,36,30,78,66,21,2,65,4
6560,42,16,42,72,33,36,30,78,66,21,2,65,4
6561,23,16,42,72,33,36,30,78,66,21,2,65,4
6562,42,60,42,72,33,36,30,78,66,21,2,65,4
6563,23,60,42,72,33,36,30,78,66,21,2,65,4
6564,42,16,24,49,33,36,30,78,66,21,2,65,4
6565,23,16,24,49,33,36,30,78,66,21,2,65,4
6566,42,60,24,49,33,36,30,78,66,21,2,65,4
6567,23,60,24,49,33,36,30,78,66,21,2,65,4
6568,42,16,42,49,33,36,30,78,66,21,2,65,4
6569,23,16,42,49,33,36,30,78,66,21,2,65,4
6570,42,60,42,49,33,36,30,78,66,21,2,65,4
6571,23,60,42,49,33,36,30,78,66,21,2,65,4
6572,42,16,24,72,97,37,44,42,66,21,2,65,4
6573,23,16,24,72,97,37,44,42,66,21,2,65,4
6574,42,60,24,72,97,37,44,42,66,21,2,65,4
6575,23,60,24,72,97,37,44,42,66,21,2,65,4
6576,42,16,42,72,97,37,44,42,66,21,2,65,4
6577,23,16,42,72,97,37,44,42,66,21,2,65,4
6578,42,60,42,72,97,37,44,42,66,21,2,65,4
6579,23,60,42,72,97,37,44,42,66,21,2,65,4
6580,42,16,24,49,97,37,44,42,66,21,2,65,4
6581,23,16,24,49,97,37,44,42,66,21,2,65,4
6582,42,60,24,49,97,37,44,42,66,21,2,65,4
6583,23,60,24,49,97,37,44,42,66,21,2,65,4
6584,42,16,42,49,97,37,44,42,66,21,2,65,4
6585,23,16,42,49,97,37,44,42,66,21,2,65,4
6586,42,60,42,49,97,37,44,42,66,21,2,65,4
6587,23,60,42,49,97,37,44,42,66,21,2,65,4
6588,42,16,24,72,33,37,44,42,66,21,2,65,4
6589,23,16,24,72,33,37,44,42,66,21,2,65,4
6590,42,60,24,72,33,37,44,42,66,21,2,65,4
6591,23,60,24,72,33,37,44,42,66,21,2,65,4
6592,42,16,42,72,33,37,44,42,66,21,2,65,4
6593,23,16,42,72,33,37,44,42,66,21,2,65,4
6594,42,60,42,72,33,37,44,42,66,21,2,65,4
6595,23,60,42,72,33,37,44,42,66,21,2,65,4
6596,42,16,24,49,33,37,44,42,66,21,2,65,4
6597,23,16,24,49,33,37,44,42,66,21,2,65,4
6598,42,60,24,49,33,37,44,42,66,21,2,65,4
6599,23,60,24,49,33,37,44,42,66,21,2,65,4
6600,42,16,42,49,33,37,44,42,66,21,2,65,4
6601,23,16,42,49,33,37,44,42,66,21,2,65,4
6602,42,60,42,49,33,37,44,42,66,21,2,65,4
6603,23,60,42,49,33,37,44,42,66,21,2,65,4
6604,42,16,24,72,97,36,44,42,66,21,2,65,4
6605,23,16,24,72,97,36,44,42,66,21,2,65,4
6606,42,60,24,72,97,36,44,42,66,21,2,65,4
6607,23,60,24,72,97,36,44,42,66,21,2,65,4
6608,42,16,42,72,97,36,44,42,66,21,2,65,4
6609,23,16,42,72,97,36,44,42,66,21,2,65,4
6610,42,60,42,72,97,36,44,42,66,21,2,65,4
6611,23,60,42,72,97,36,44,42,66,21,2,65,4
6612,42,16,24,49,97,36,44,42,66,21,2,65,4
6613,23,16,24,49,97,36,44,42,66,21,2,65,4
6614,42,60,24,49,97,36,44,42,66,21,2,65,4
6615,23,60,24,49,97,36,44,42,66,21,2,65,4
6616,42,16,42,49,97,36,44,42,66,21,2,65,4
6617,23,16,42,49,97,36,44,42,66,21,2,65,4
6618,42,60,42,49,97,36,44,42,66,21,2,65,4
6619,23,60,42,49,97,36,44,42,66,21,2,65,4
6620,42,16,24,72,33,36,44,42,66,21,2,65,4
6621,23,16,24,72,33,36,44,42,66,21,2,65,4
6622,42,60,24,72,33,36,44,42,66,21,2,65,4
6623,23,60,24,72,33,36,44,42,66,21,2,65,4
6624,42,16,42,72,33,36,44,42,66,21,2,65,4
6625,23,16,42,72,33,36,44,42,66,21,2,65,4
6626,42,60,42,72,33,36,44,42,66,21,2,65,4
6627,23,60,42,72,33,36,44,42,66,21,2,65,4
6628,42,16,24,49,33,36,44,42,66,21,2,65,4
6629,23,16,24,49,33,36,44,42,66,21,2,65,4
6630,42,60,24,49,33,36,44,42,66,21,2,65,4
6631,23,60,24,49,33,36,44,42,66,21,2,65,4
6632,42,16,42,49,33,36,44,42,66,21,2,65,4
6633,23,16,42,49,33,36,44,42,66,21,2,65,4
6634,42,60,42,49,33,36,44,42,66,21,2,65,4
6635,23,60,42,49,33,36,44,42,66,21,2,65,4
6636,23,16,24,72,97,37,30,42,66,21,2,65,4
6637,42,60,24,72,97,37,30,42,66,21,2,65,4
6638,23,60,24,72,97,37,30,42,66,21,2,65,4
6639,42,16,42,72,97,37,30,42,66,21,2,65,4
6640,23,16,42,72,97,37,30,42,66,21,2,65,4
6641,42,60,42,72,97,37,30,42,66,21,2,65,4
6642,23,60,42,72,97,37,30,42,66,21,2,65,4
6643,42,16,24,49,97,37,30,42,66,21,2,65,4
6644,23,16,24,49,97,37,30,42,66,21,2,65,4
6645,42,60,24,49,97,37,30,42,66,21,2,65,4
6646,23,60,24,49,97,37,30,42,66,21,2,65,4
6647,42,16,42,49,97,37,30,42,66,21,2,65,4
6648,23,16,42,49,97,37,30,42,66,21,2,65,4
6649,42,60,42,49,97,37,30,42,66,21,2,65,4
6650,23,60,42,49,97,37,30,42,66,21,2,65,4
6651,42,16,24,72,33,37,30,42,66,21,2,65,4
6652,23,16,24,72,33,37,30,42,66,21,2,65,4
6653,42,60,24,72,33,37,30,42,66,21,2,65,4
6654,23,60,24,72,33,37,30,42,66,21,2,65,4
6655,42,16,42,72,33,37,30,42,66,21,2,65,4
6656,23,16,42,72,33,37,30,42,66,21,2,65,4
6657,42,60,42,72,33,37,30,42,66,21,2,65,4
6658,23,60,42,72,33,37,30,42,66,21,2,65,4
6659,42,16,24,49,33,37,30,42,66,21,2,65,4
6660,23,16,24,49,33,37,30,42,66,21,2,65,4
6661,42,60,24,49,33,37,30,42,66,21,2,65,4
6662,23,60,24,49,33,37,30,42,66,21,2,65,4
6663,42,16,42,49,33,37,30,42,66,21,2,65,4
6664,23,16,42,49,33,37,30,42,66,21,2,65,4
6665,42,60,42,49,33,37,30,42,66,21,2,65,4
6666,23,60,42,49,33,37,30,42,66,21,2,65,4
6667,42,16,24,72,97,36,30,42,66,21,2,65,4
6668,23,16,24,72,97,36,30,42,66,21,2,65,4
6669,42,60,24,72,97,36,30,42,66,21,2,65,4
6670,23,60,24,72,97,36,30,42,66,21,2,65,4
6671,42,16,42,72,97,36,30,42,66,21,2,65,4
6672,23,16,42,72,97,36,30,42,66,21,2,65,4
6673,42,60,42,72,97,36,30,42,66,21,2,65,4
6674,23,60,42,72,97,36,30,42,66,21,2,65,4
6675,42,16,24,49,97,36,30,42,66,21,2,65,4
6676,23,16,24,49,97,36,30,42,66,21,2,65,4
6677,42,60,24,49,97,36,30,42,66,21,2,65,4
6678,23,60,24,49,97,36,30,42,66,21,2,65,4
6679,42,16,42,49,97,36,30,42,66,21,2,65,4
6680,23,16,42,49,97,36,30,42,66,21,2,65,4
6681,42,60,42,49,97,36,30,42,66,21,2,65,4
6682,23,60,42,49,97,36,30,42,66,21,2,65,4
6683,42,16,24,72,33,36,30,42,66,21,2,65,4
6684,23,16,24,72,33,36,30,42,66,21,2,65,4
6685,42,60,24,72,33,36,30,42,66,21,2,65,4
6686,23,60,24,72,33,36,30,42,66,21,2,65,4
6687,42,16,42,72,33,36,30,42,66,21,2,65,4
6688,23,16,42,72,33,36,30,42,66,21,2,65,4
6689,42,60,42,72,33,36,30,42,66,21,2,65,4
6690,23,60,42,72,33,36,30,42,66,21,2,65,4
6691,42,16,24,49,33,36,30,42,66,21,2,65,4
6692,23,16,24,49,33,36,30,42,66,21,2,65,4
6693,42,60,24,49,33,36,30,42,66,21,2,65,4
6694,23,60,24,49,33,36,30,42,66,21,2,65,4
6695,42,16,42,49,33,36,30,42,66,21,2,65,4
6696,23,16,42,49,33,36,30,42,66,21,2,65,4
6697,42,60,42,49,33,36,30,42,66,21,2,65,4
6698,23,60,42,49,33,36,30,42,66,21,2,65,4
6699,42,16,24,72,97,37,44,78,20,21,2,65,4
6700,23,16,24,72,97,37,44,78,20,21,2,65,4
6701,42,60,24,72,97,37,44,78,20,21,2,65,4
6702,23,60,24,72,97,37,44,78,20,21,2,65,4
6703,42,16,42,72,97,37,44,78,20,21,2,65,4
6704,23,16,42,72,97,37,44,78,20,21,2,65,4
6705,42,60,42,72,97,37,44,78,20,21,2,65,4
6706,23,60,42,72,97,37,44,78,20,21,2,65,4
6707,42,16,24,49,97,37,44,78,20,21,2,65,4
6708,23,16,24,49,97,37,44,78,20,21,2,65,4
6709,42,60,24,49,97,37,44,78,20,21,2,65,4
6710,23,60,24,49,97,37,44,78,20,21,2,65,4
6711,42,16,42,49,97,37,44,78,20,21,2,65,4
6712,23,16,42,49,97,37,44,78,20,21,2,65,4
6713,42,60,42,49,97,37,44,78,20,21,2,65,4
6714,42,16,24,72,33,37,44,78,20,21,2,65,4
6715,23,16,24,72,33,37,44,78,20,21,2,65,4
6716,42,60,24,72,33,37,44,78,20,21,2,65,4
6717,23,60,24,72,33,37,44,78,20,21,2,65,4
6718,42,16,42,72,33,37,44,78,20,21,2,65,4
6719,23,16,42,72,33,37,44,78,20,21,2,65,4
6720,42,60,42,72,33,37,44,78,20,21,2,65,4
6721,23,60,42,72,33,37,44,78,20,21,2,65,4
6722,42,16,24,49,33,37,44,78,20,21,2,65,4
6723,23,16,24,49,33,37,44,78,20,21,2,65,4
6724,42,60,24,49,33,37,44,78,20,21,2,65,4
6725,23,60,24,49,33,37,44,78,20,21,2,65,4
6726,42,16,42,49,33,37,44,78,20,21,2,65,4
6727,23,16,42,49,33,37,44,78,20,21,2,65,4
6728,42,60,42,49,33,37,44,78,20,21,2,65,4
6729,23,60,42,49,33,37,44,78,20,21,2,65,4
6730,42,16,24,72,97,36,44,78,20,21,2,65,4
6731,23,16,24,72,97,36,44,78,20,21,2,65,4
6732,42,60,24,72,97,36,44,78,20,21,2,65,4
6733,23,60,24,72,97,36,44,78,20,21,2,65,4
6734,42,16,42,72,97,36,44,78,20,21,2,65,4
6735,23,16,42,72,97,36,44,78,20,21,2,65,4
6736,42,60,42,72,97,36,44,78,20,21,2,65,4
6737,23,60,42,72,97,36,44,78,20,21,2,65,4
6738,42,16,24,49,97,36,44,78,20,21,2,65,4
6739,23,16,24,49,97,36,44,78,20,21,2,65,4
6740,42,60,24,49,97,36,44,78,20,21,2,65,4
6741,23,60,24,49,97,36,44,78,20,21,2,65,4
6742,42,16,42,49,97,36,44,78,20,21,2,65,4
6743,23,16,42,49,97,36,44,78,20,21,2,65,4
6744,42,60,42,49,97,36,44,78,20,21,2,65,4
6745,23,60,42,49,97,36,44,78,20,21,2,65,4
6746,42,16,24,72,33,36,44,78,20,21,2,65,4
6747,23,16,24,72,33,36,44,78,20,21,2,65,4
6748,42,60,24,72,33,36,44,78,20,21,2,65,4
6749,23,60,24,72,33,36,44,78,20,21,2,65,4
6750,42,16,42,72,33,36,44,78,20,21,2,65,4
6751,23,16,42,72,33,36,44,78,20,21,2,65,4
6752,42,60,42,72,33,36,44,78,20,21,2,65,4
6753,23,60,42,72,33,36,44,78,20,21,2,65,4
6754,42,16,24,49,33,36,44,78,20,21,2,65,4
6755,23,16,24,49,33,36,44,78,20,21,2,65,4
6756,42,60,24,49,33,36,44,78,20,21,2,65,4
6757,23,60,24,49,33,36,44,78,20,21,2,65,4
6758,42,16,42,49,33,36,44,78,20,21,2,65,4
6759,23,16,42,49,33,36,44,78,20,21,2,65,4
6760,42,60,42,49,33,36,44,78,20,21,2,65,4
6761,23,60,42,49,33,36,44,78,20,21,2,65,4
6762,42,16,24,72,97,37,30,78,20,21,2,65,4
6763,23,16,24,72,97,37,30,78,20,21,2,65,4
6764,42,60,24,72,97,37,30,78,20,21,2,65,4
6765,23,60,24,72,97,37,30,78,20,21,2,65,4
6766,42,16,42,72,97,37,30,78,20,21,2,65,4
6767,23,16,42,72,97,37,30,78,20,21,2,65,4
6768,42,60,42,72,97,37,30,78,20,21,2,65,4
6769,23,60,42,72,97,37,30,78,20,21,2,65,4
6770,23,16,24,49,97,37,30,78,20,21,2,65,4
6771,42,60,24,49,97,37,30,78,20,21,2,65,4
6772,23,60,24,49,97,37,30,78,20,21,2,65,4
6773,42,16,42,49,97,37,30,78,20,21,2,65,4
6774,23,16,42,49,97,37,30,78,20,21,2,65,4
6775,42,60,42,49,97,37,30,78,20,21,2,65,4
6776,23,60,42,49,97,37,30,78,20,21,2,65,4
6777,42,16,24,72,33,37,30,78,20,21,2,65,4
6778,23,16,24,72,33,37,30,78,20,21,2,65,4
6779,42,60,24,72,33,37,30,78,20,21,2,65,4
6780,23,60,24,72,33,37,30,78,20,21,2,65,4
6781,42,16,42,72,33,37,30,78,20,21,2,65,4
6782,23,16,42,72,33,37,30,78,20,21,2,65,4
6783,42,60,42,72,33,37,30,78,20,21,2,65,4
6784,23,60,42,72,33,37,30,78,20,21,2,65,4
6785,42,16,24,49,33,37,30,78,20,21,2,65,4
6786,23,16,24,49,33,37,30,78,20,21,2,65,4
6787,23,60,24,49,33,37,30,78,20,21,2,65,4
6788,42,16,42,49,33,37,30,78,20,21,2,65,4
6789,23,16,42,49,33,37,30,78,20,21,2,65,4
6790,42,60,42,49,33,37,30,78,20,21,2,65,4
6791,23,60,42,49,33,37,30,78,20,21,2,65,4
6792,42,16,24,72,97,36,30,78,20,21,2,65,4
6793,23,16,24,72,97,36,30,78,20,21,2,65,4
6794,42,60,24,72,97,36,30,78,20,21,2,65,4
6795,23,60,24,72,97,36,30,78,20,21,2,65,4
6796,42,16,42,72,97,36,30,78,20,21,2,65,4
6797,23,16,42,72,97,36,30,78,20,21,2,65,4
6798,42,60,42,72,97,36,30,78,20,21,2,65,4
6799,23,60,42,72,97,36,30,78,20,21,2,65,4
6800,42,16,24,49,97,36,30,78,20,21,2,65,4
6801,23,16,24,49,97,36,30,78,20,21,2,65,4
6802,42,60,24,49,97,36,30,78,20,21,2,65,4
6803,23,60,24,49,97,36,30,78,20,21,2,65,4
6804,42,16,42,49,97,36,30,78,20,21,2,65,4
6805,23,16,42,49,97,36,30,78,20,21,2,65,4
6806,42,60,42,49,97,36,30,78,20,21,2,65,4
6807,23,60,42,49,97,36,30,78,20,21,2,65,4
6808,42,16,24,72,33,36,30,78,20,21,2,65,4
6809,23,16,24,72,33,36,30,78,20,21,2,65,4
6810,42,60,24,72,33,36,30,78,20,21,2,65,4
6811,23,60,24,72,33,36,30,78,20,21,2,65,4
6812,42,16,42,72,33,36,30,78,20,21,2,65,4
6813,23,16,42,72,33,36,30,78,20,21,2,65,4
6814,42,60,42,72,33,36,30,78,20,21,2,65,4
6815,23,60,42,72,33,36,30,78,20,21,2,65,4
6816,42,16,24,49,33,36,30,78,20,21,2,65,4
6817,23,16,24,49,33,36,30,78,20,21,2,65,4
6818,42,60,24,49,33,36,30,78,20,21,2,65,4
6819,23,60,24,49,33,36,30,78,20,21,2,65,4
6820,42,16,42,49,33,36,30,78,20,21,2,65,4
6821,23,16,42,49,33,36,30,78,20,21,2,65,4
6822,42,60,42,49,33,36,30,78,20,21,2,65,4
6823,23,60,42,49,33,36,30,78,20,21,2,65,4
6824,42,16,24,72,97,37,44,42,20,21,2,65,4
6825,23,16,24,72,97,37,44,42,20,21,2,65,4
6826,42,60,24,72,97,37,44,42,20,21,2,65,4
6827,23,60,24,72,97,37,44,42,20,21,2,65,4
6828,42,16,42,72,97,37,44,42,20,21,2,65,4
6829,23,16,42,72,97,37,44,42,20,21,2,65,4
6830,42,60,42,72,97,37,44,42,20,21,2,65,4
6831,23,60,42,72,97,37,44,42,20,21,2,65,4
6832,42,16,24,49,97,37,44,42,20,21,2,65,4
6833,23,16,24,49,97,37,44,42,20,21,2,65,4
6834,42,60,24,49,97,37,44,42,20,21,2,65,4
6835,23,60,24,49,97,37,44,42,20,21,2,65,4
6836,42,16,42,49,97,37,44,42,20,21,2,65,4
6837,23,16,42,49,97,37,44,42,20,21,2,65,4
6838,42,60,42,49,97,37,44,42,20,21,2,65,4
6839,23,60,42,49,97,37,44,42,20,21,2,65,4
6840,42,16,24,72,33,37,44,42,20,21,2,65,4
6841,23,16,24,72,33,37,44,42,20,21,2,65,4
6842,42,60,24,72,33,37,44,42,20,21,2,65,4
6843,23,60,24,72,33,37,44,42,20,21,2,65,4
6844,42,16,42,72,33,37,44,42,20,21,2,65,4
6845,23,16,42,72,33,37,44,42,20,21,2,65,4
6846,42,60,42,72,33,37,44,42,20,21,2,65,4
6847,23,60,42,72,33,37,44,42,20,21,2,65,4
6848,42,16,24,49,33,37,44,42,20,21,2,65,4
6849,23,16,24,49,33,37,44,42,20,21,2,65,4
6850,42,60,24,49,33,37,44,42,20,21,2,65,4
6851,23,60,24,49,33,37,44,42,20,21,2,65,4
6852,42,16,42,49,33,37,44,42,20,21,2,65,4
6853,23,16,42,49,33,37,44,42,20,21,2,65,4
6854,42,60,42,49,33,37,44,42,20,21,2,65,4
6855,23,60,42,49,33,37,44,42,20,21,2,65,4
6856,42,16,24,72,97,36,44,42,20,21,2,65,4
6857,23,16,24,72,97,36,44,42,20,21,2,65,4
6858,23,60,24,72,97,36,44,42,20,21,2,65,4
6859,42,16,42,72,97,36,44,42,20,21,2,65,4
6860,23,16,42,72,97,36,44,42,20,21,2,65,4
6861,42,60,42,72,97,36,44,42,20,21,2,65,4
6862,23,60,42,72,97,36,44,42,20,21,2,65,4
6863,42,16,24,49,97,36,44,42,20,21,2,65,4
6864,23,16,24,49,97,36,44,42,20,21,2,65,4
6865,42,60,24,49,97,36,44,42,20,21,2,65,4
6866,23,60,24,49,97,36,44,42,20,21,2,65,4
6867,42,16,42,49,97,36,44,42,20,21,2,65,4
6868,23,16,42,49,97,36,44,42,20,21,2,65,4
6869,42,60,42,49,97,36,44,42,20,21,2,65,4
6870,23,60,42,49,97,36,44,42,20,21,2,65,4
6871,42,16,24,72,33,36,44,42,20,21,2,65,4
6872,23,16,24,72,33,36,44,42,20,21,2,65,4
6873,42,60,24,72,33,36,44,42,20,21,2,65,4
6874,23,60,24,72,33,36,44,42,20,21,2,65,4
6875,42,16,42,72,33,36,44,42,20,21,2,65,4
6876,23,16,42,72,33,36,44,42,20,21,2,65,4
6877,42,60,42,72,33,36,44,42,20,21,2,65,4
6878,23,60,42,72,33,36,44,42,20,21,2,65,4
6879,42,16,24,49,33,36,44,42,20,21,2,65,4
6880,23,16,24,49,33,36,44,42,20,21,2,65,4
6881,42,60,24,49,33,36,44,42,20,21,2,65,4
6882,23,60,24,49,33,36,44,42,20,21,2,65,4
6883,42,16,42,49,33,36,44,42,20,21,2,65,4
6884,23,16,42,49,33,36,44,42,20,21,2,65,4
6885,42,60,42,49,33,36,44,42,20,21,2,65,4
6886,23,60,42,49,33,36,44,42,20,21,2,65,4
6887,42,16,24,72,97,37,30,42,20,21,2,65,4
6888,42,60,24,72,97,37,30,42,20,21,2,65,4
6889,23,60,24,72,97,37,30,42,20,21,2,65,4
6890,42,16,42,72,97,37,30,42,20,21,2,65,4
6891,23,16,42,72,97,37,30,42,20,21,2,65,4
6892,42,60,42,72,97,37,30,42,20,21,2,65,4
6893,23,60,42,72,97,37,30,42,20,21,2,65,4
6894,42,16,24,49,97,37,30,42,20,21,2,65,4
6895,42,60,24,49,97,37,30,42,20,21,2,65,4
6896,23,60,24,49,97,37,30,42,20,21,2,65,4
6897,42,16,42,49,97,37,30,42,20,21,2,65,4
6898,23,16,42,49,97,37,30,42,20,21,2,65,4
6899,42,60,42,49,97,37,30,42,20,21,2,65,4
6900,23,60,42,49,97,37,30,42,20,21,2,65,4
6901,42,16,24,72,33,37,30,42,20,21,2,65,4
6902,23,16,24,72,33,37,30,42,20,21,2,65,4
6903,42,60,24,72,33,37,30,42,20,21,2,65,4
6904,23,60,24,72,33,37,30,42,20,21,2,65,4
6905,42,16,42,72,33,37,30,42,20,21,2,65,4
6906,23,16,42,72,33,37,30,42,20,21,2,65,4
6907,42,60,42,72,33,37,30,42,20,21,2,65,4
6908,23,60,42,72,33,37,30,42,20,21,2,65,4
6909,42,16,24,49,33,37,30,42,20,21,2,65,4
6910,23,16,24,49,33,37,30,42,20,21,2,65,4
6911,23,60,24,49,33,37,30,42,20,21,2,65,4
6912,42,16,42,49,33,37,30,42,20,21,2,65,4
6913,23,16,42,49,33,37,30,42,20,21,2,65,4
6914,42,60,42,49,33,37,30,42,20,21,2,65,4
6915,23,60,42,49,33,37,30,42,20,21,2,65,4
6916,42,16,24,72,97,36,30,42,20,21,2,65,4
6917,23,16,24,72,97,36,30,42,20,21,2,65,4
6918,42,60,24,72,97,36,30,42,20,21,2,65,4
6919,23,60,24,72,97,36,30,42,20,21,2,65,4
6920,42,16,42,72,97,36,30,42,20,21,2,65,4
6921,23,16,42,72,97,36,30,42,20,21,2,65,4
6922,42,60,42,72,97,36,30,42,20,21,2,65,4
6923,23,60,42,72,97,36,30,42,20,21,2,65,4
6924,42,16,24,49,97,36,30,42,20,21,2,65,4
6925,23,16,24,49,97,36,30,42,20,21,2,65,4
6926,42,60,24,49,97,36,30,42,20,21,2,65,4
6927,23,60,24,49,97,36,30,42,20,21,2,65,4
6928,42,16,42,49,97,36,30,42,20,21,2,65,4
6929,23,16,42,49,97,36,30,42,20,21,2,65,4
6930,42,60,42,49,97,36,30,42,20,21,2,65,4
6931,23,60,42,49,97,36,30,42,20,21,2,65,4
6932,42,16,24,72,33,36,30,42,20,21,2,65,4
6933,23,16,24,72,33,36,30,42,20,21,2,65,4
6934,42,60,24,72,33,36,30,42,20,21,2,65,4
6935,23,60,24,72,33,36,30,42,20,21,2,65,4
6936,42,16,42,72,33,36,30,42,20,21,2,65,4
6937,23,16,42,72,33,36,30,42,20,21,2,65,4
6938,42,60,42,72,33,36,30,42,20,21,2,65,4
6939,23,60,42,72,33,36,30,42,20,21,2,65,4
6940,42,16,24,49,33,36,30,42,20,21,2,65,4
6941,23,16,24,49,33,36,30,42,20,21,2,65,4
6942,42,60,24,49,33,36,30,42,20,21,2,65,4
6943,23,60,24,49,33,36,30,42,20,21,2,65,4
6944,42,16,42,49,33,36,30,42,20,21,2,65,4
6945,23,16,42,49,33,36,30,42,20,21,2,65,4
6946,42,60,42,49,33,36,30,42,20,21,2,65,4
6947,23,60,42,49,33,36,30,42,20,21,2,65,4
6948,42,16,24,72,97,37,44,78,66,80,59,65,4
6949,23,16,24,72,97,37,44,78,66,80,59,65,4
6950,42,60,24,72,97,37,44,78,66,80,59,65,4
6951,23,60,24,72,97,37,44,78,66,80,59,65,4
6952,42,16,42,72,97,37,44,78,66,80,59,65,4
6953,23,16,42,72,97,37,44,78,66,80,59,65,4
6954,23,60,42,72,97,37,44,78,66,80,59,65,4
6955,42,16,24,49,97,37,44,78,66,80,59,65,4
6956,23,16,24,49,97,37,44,78,66,80,59,65,4
6957,23,60,24,49,97,37,44,78,66,80,59,65,4
6958,42,16,42,49,97,37,44,78,66,80,59,65,4
6959,23,16,42,49,97,37,44,78,66,80,59,65,4
6960,23,60,42,49,97,37,44,78,66,80,59,65,4
6961,42,16,24,72,33,37,44,78,66,80,59,65,4
6962,23,16,24,72,33,37,44,78,66,80,59,65,4
6963,23,60,24,72,33,37,44,78,66,80,59,65,4
6964,42,16,42,72,33,37,44,78,66,80,59,65,4
6965,23,16,42,72,33,37,44,78,66,80,59,65,4
6966,42,60,42,72,33,37,44,78,66,80,59,65,4
6967,23,60,42,72,33,37,44,78,66,80,59,65,4
6968,42,16,24,49,33,37,44,78,66,80,59,65,4
6969,23,16,24,49,33,37,44,78,66,80,59,65,4
6970,42,60,24,49,33,37,44,78,66,80,59,65,4
6971,23,60,24,49,33,37,44,78,66,80,59,65,4
6972,42,16,42,49,33,37,44,78,66,80,59,65,4
6973,23,16,42,49,33,37,44,78,66,80,59,65,4
6974,42,60,42,49,33,37,44,78,66,80,59,65,4
6975,23,60,42,49,33,37,44,78,66,80,59,65,4
6976,23,16,24,72,97,36,44,78,66,80,59,65,4
6977,42,60,24,72,97,36,44,78,66,80,59,65,4
6978,23,60,24,72,97,36,44,78,66,80,59,65,4
6979,42,16,42,72,97,36,44,78,66,80,59,65,4
6980,23,16,42,72,97,36,44,78,66,80,59,65,4
6981,42,60,42,72,97,36,44,78,66,80,59,65,4
6982,23,60,42,72,97,36,44,78,66,80,59,65,4
6983,42,16,24,49,97,36,44,78,66,80,59,65,4
6984,23,16,24,49,97,36,44,78,66,80,59,65,4
6985,42,60,24,49,97,36,44,78,66,80,59,65,4
6986,23,60,24,49,97,36,44,78,66,80,59,65,4
6987,42,16,42,49,97,36,44,78,66,80,59,65,4
6988,23,16,42,49,97,36,44,78,66,80,59,65,4
6989,42,60,42,49,97,36,44,78,66,80,59,65,4
6990,23,60,42,49,97,36,44,78,66,80,59,65,4
6991,42,16,24,72,33,36,44,78,66,80,59,65,4
6992,23,16,24,72,33,36,44,78,66,80,59,65,4
6993,42,60,24,72,33,36,44,78,66,80,59,65,4
6994,23,60,24,72,33,36,44,78,66,80,59,65,4
6995,42,16,42,72,33,36,44,78,66,80,59,65,4
6996,23,16,42,72,33,36,44,78,66,80,59,65,4
6997,42,60,42,72,33,36,44,78,66,80,59,65,4
6998,42,16,24,49,33,36,44,78,66,80,59,65,4
6999,23,16,24,49,33,36,44,78,66,80,59,65,4
7000,42,60,24,49,33,36,44,78,66,80,59,65,4
7001,23,60,24,49,33,36,44,78,66,80,59,65,4
7002,42,16,42,49,33,36,44,78,66,80,59,65,4
7003,23,16,42,49,33,36,44,78,66,80,59,65,4
7004,42,60,42,49,33,36,44,78,66,80,59,65,4
7005,23,60,42,49,33,36,44,78,66,80,59,65,4
7006,42,16,24,72,97,37,30,78,66,80,59,65,4
7007,23,16,24,72,97,37,30,78,66,80,59,65,4
7008,23,60,24,72,97,37,30,78,66,80,59,65,4
7009,42,16,42,72,97,37,30,78,66,80,59,65,4
7010,23,16,42,72,97,37,30,78,66,80,59,65,4
7011,23,60,42,72,97,37,30,78,66,80,59,65,4
7012,23,16,24,49,97,37,30,78,66,80,59,65,4
7013,42,60,24,49,97,37,30,78,66,80,59,65,4
7014,23,60,24,49,97,37,30,78,66,80,59,65,4
7015,42,16,42,49,97,37,30,78,66,80,59,65,4
7016,23,16,42,49,97,37,30,78,66,80,59,65,4
7017,42,60,42,49,97,37,30,78,66,80,59,65,4
7018,23,60,42,49,97,37,30,78,66,80,59,65,4
7019,42,16,24,72,33,37,30,78,66,80,59,65,4
7020,23,16,24,72,33,37,30,78,66,80,59,65,4
7021,42,60,24,72,33,37,30,78,66,80,59,65,4
7022,23,60,24,72,33,37,30,78,66,80,59,65,4
7023,42,16,42,72,33,37,30,78,66,80,59,65,4
7024,23,16,42,72,33,37,30,78,66,80,59,65,4
7025,42,60,42,72,33,37,30,78,66,80,59,65,4
7026,23,60,42,72,33,37,30,78,66,80,59,65,4
7027,42,16,24,49,33,37,30,78,66,80,59,65,4
7028,23,16,24,49,33,37,30,78,66,80,59,65,4
7029,42,60,24,49,33,37,30,78,66,80,59,65,4
7030,23,60,24,49,33,37,30,78,66,80,59,65,4
7031,42,16,42,49,33,37,30,78,66,80,59,65,4
7032,23,16,42,49,33,37,30,78,66,80,59,65,4
7033,42,60,42,49,33,37,30,78,66,80,59,65,4
7034,23,60,42,49,33,37,30,78,66,80,59,65,4
7035,42,16,24,72,97,36,30,78,66,80,59,65,4
7036,23,16,24,72,97,36,30,78,66,80,59,65,4
7037,23,60,24,72,97,36,30,78,66,80,59,65,4
7038,42,16,42,72,97,36,30,78,66,80,59,65,4
7039,23,16,42,72,97,36,30,78,66,80,59,65,4
7040,42,60,42,72,97,36,30,78,66,80,59,65,4
7041,23,60,42,72,97,36,30,78,66,80,59,65,4
7042,42,16,24,49,97,36,30,78,66,80,59,65,4
7043,23,16,24,49,97,36,30,78,66,80,59,65,4
7044,23,60,24,49,97,36,30,78,66,80,59,65,4
7045,42,16,42,49,97,36,30,78,66,80,59,65,4
7046,23,16,42,49,97,36,30,78,66,80,59,65,4
7047,42,60,42,49,97,36,30,78,66,80,59,65,4
7048,23,60,42,49,97,36,30,78,66,80,59,65,4
7049,42,16,24,72,33,36,30,78,66,80,59,65,4
7050,23,16,24,72,33,36,30,78,66,80,59,65,4
7051,42,60,24,72,33,36,30,78,66,80,59,65,4
7052,23,60,24,72,33,36,30,78,66,80,59,65,4
7053,42,16,42,72,33,36,30,78,66,80,59,65,4
7054,23,16,42,72,33,36,30,78,66,80,59,65,4
7055,42,60,42,72,33,36,30,78,66,80,59,65,4
7056,23,60,42,72,33,36,30,78,66,80,59,65,4
7057,42,16,24,49,33,36,30,78,66,80,59,65,4
7058,23,16,24,49,33,36,30,78,66,80,59,65,4
7059,23,60,24,49,33,36,30,78,66,80,59,65,4
7060,42,16,42,49,33,36,30,78,66,80,59,65,4
7061,23,16,42,49,33,36,30,78,66,80,59,65,4
7062,42,60,42,49,33,36,30,78,66,80,59,65,4
7063,23,60,42,49,33,36,30,78,66,80,59,65,4
7064,42,16,24,72,97,37,44,42,66,80,59,65,4
7065,23,16,24,72,97,37,44,42,66,80,59,65,4
7066,42,60,24,72,97,37,44,42,66,80,59,65,4
7067,23,60,24,72,97,37,44,42,66,80,59,65,4
7068,42,16,42,72,97,37,44,42,66,80,59,65,4
7069,23,16,42,72,97,37,44,42,66,80,59,65,4
7070,42,60,42,72,97,37,44,42,66,80,59,65,4
7071,23,60,42,72,97,37,44,42,66,80,59,65,4
7072,42,16,24,49,97,37,44,42,66,80,59,65,4
7073,23,16,24,49,97,37,44,42,66,80,59,65,4
7074,42,60,24,49,97,37,44,42,66,80,59,65,4
7075,23,60,24,49,97,37,44,42,66,80,59,65,4
7076,42,16,42,49,97,37,44,42,66,80,59,65,4
7077,23,16,42,49,97,37,44,42,66,80,59,65,4
7078,42,60,42,49,97,37,44,42,66,80,59,65,4
7079,23,60,42,49,97,37,44,42,66,80,59,65,4
7080,42,16,24,72,33,37,44,42,66,80,59,65,4
7081,23,16,24,72,33,37,44,42,66,80,59,65,4
7082,42,60,24,72,33,37,44,42,66,80,59,65,4
7083,23,60,24,72,33,37,44,42,66,80,59,65,4
7084,42,16,42,72,33,37,44,42,66,80,59,65,4
7085,23,16,42,72,33,37,44,42,66,80,59,65,4
7086,42,60,42,72,33,37,44,42,66,80,59,65,4
7087,23,60,42,72,33,37,44,42,66,80,59,65,4
7088,42,16,24,49,33,37,44,42,66,80,59,65,4
7089,23,16,24,49,33,37,44,42,66,80,59,65,4
7090,42,60,24,49,33,37,44,42,66,80,59,65,4
7091,23,60,24,49,33,37,44,42,66,80,59,65,4
7092,42,16,42,49,33,37,44,42,66,80,59,65,4
7093,23,16,42,49,33,37,44,42,66,80,59,65,4
7094,42,60,42,49,33,37,44,42,66,80,59,65,4
7095,23,60,42,49,33,37,44,42,66,80,59,65,4
7096,42,16,24,72,97,36,44,42,66,80,59,65,4
7097,23,16,24,72,97,36,44,42,66,80,59,65,4
7098,42,60,24,72,97,36,44,42,66,80,59,65,4
7099,23,60,24,72,97,36,44,42,66,80,59,65,4
7100,42,16,42,72,97,36,44,42,66,80,59,65,4
7101,23,16,42,72,97,36,44,42,66,80,59,65,4
7102,42,60,42,72,97,36,44,42,66,80,59,65,4
7103,23,60,42,72,97,36,44,42,66,80,59,65,4
7104,42,16,24,49,97,36,44,42,66,80,59,65,4
7105,23,16,24,49,97,36,44,42,66,80,59,65,4
7106,42,60,24,49,97,36,44,42,66,80,59,65,4
7107,23,60,24,49,97,36,44,42,66,80,59,65,4
7108,42,16,42,49,97,36,44,42,66,80,59,65,4
7109,23,16,42,49,97,36,44,42,66,80,59,65,4
7110,23,60,42,49,97,36,44,42,66,80,59,65,4
7111,42,16,24,72,33,36,44,42,66,80,59,65,4
7112,23,16,24,72,33,36,44,42,66,80,59,65,4
7113,42,60,24,72,33,36,44,42,66,80,59,65,4
7114,23,60,24,72,33,36,44,42,66,80,59,65,4
7115,42,16,42,72,33,36,44,42,66,80,59,65,4
7116,23,16,42,72,33,36,44,42,66,80,59,65,4
7117,42,60,42,72,33,36,44,42,66,80,59,65,4
7118,23,60,42,72,33,36,44,42,66,80,59,65,4
7119,42,16,24,49,33,36,44,42,66,80,59,65,4
7120,23,16,24,49,33,36,44,42,66,80,59,65,4
7121,42,60,24,49,33,36,44,42,66,80,59,65,4
7122,23,60,24,49,33,36,44,42,66,80,59,65,4
7123,42,16,42,49,33,36,44,42,66,80,59,65,4
7124,23,16,42,49,33,36,44,42,66,80,59,65,4
7125,42,60,42,49,33,36,44,42,66,80,59,65,4
7126,23,60,42,49,33,36,44,42,66,80,59,65,4
7127,42,16,24,72,97,37,30,42,66,80,59,65,4
7128,42,60,24,72,97,37,30,42,66,80,59,65,4
7129,23,60,24,72,97,37,30,42,66,80,59,65,4
7130,42,16,42,72,97,37,30,42,66,80,59,65,4
7131,23,16,42,72,97,37,30,42,66,80,59,65,4
7132,42,60,42,72,97,37,30,42,66,80,59,65,4
7133,23,60,42,72,97,37,30,42,66,80,59,65,4
7134,42,16,24,49,97,37,30,42,66,80,59,65,4
7135,23,16,24,49,97,37,30,42,66,80,59,65,4
7136,42,60,24,49,97,37,30,42,66,80,59,65,4
7137,23,60,24,49,97,37,30,42,66,80,59,65,4
7138,42,16,42,49,97,37,30,42,66,80,59,65,4
7139,23,16,42,49,97,37,30,42,66,80,59,65,4
7140,42,60,42,49,97,37,30,42,66,80,59,65,4
7141,23,60,42,49,97,37,30,42,66,80,59,65,4
7142,42,16,24,72,33,37,30,42,66,80,59,65,4
7143,23,16,24,72,33,37,30,42,66,80,59,65,4
7144,42,60,24,72,33,37,30,42,66,80,59,65,4
7145,23,60,24,72,33,37,30,42,66,80,59,65,4
7146,42,16,42,72,33,37,30,42,66,80,59,65,4
7147,23,16,42,72,33,37,30,42,66,80,59,65,4
7148,42,60,42,72,33,37,30,42,66,80,59,65,4
7149,23,60,42,72,33,37,30,42,66,80,59,65,4
7150,42,16,24,49,33,37,30,42,66,80,59,65,4
7151,23,16,24,49,33,37,30,42,66,80,59,65,4
7152,42,60,24,49,33,37,30,42,66,80,59,65,4
7153,23,60,24,49,33,37,30,42,66,80,59,65,4
7154,42,16,42,49,33,37,30,42,66,80,59,65,4
7155,23,16,42,49,33,37,30,42,66,80,59,65,4
7156,42,60,42,49,33,37,30,42,66,80,59,65,4
7157,23,60,42,49,33,37,30,42,66,80,59,65,4
7158,42,16,24,72,97,36,30,42,66,80,59,65,4
7159,23,16,24,72,97,36,30,42,66,80,59,65,4
7160,42,60,24,72,97,36,30,42,66,80,59,65,4
7161,23,60,24,72,97,36,30,42,66,80,59,65,4
7162,42,16,42,72,97,36,30,42,66,80,59,65,4
7163,23,16,42,72,97,36,30,42,66,80,59,65,4
7164,42,60,42,72,97,36,30,42,66,80,59,65,4
7165,23,60,42,72,97,36,30,42,66,80,59,65,4
7166,42,16,24,49,97,36,30,42,66,80,59,65,4
7167,23,16,24,49,97,36,30,42,66,80,59,65,4
7168,42,60,24,49,97,36,30,42,66,80,59,65,4
7169,23,60,24,49,97,36,30,42,66,80,59,65,4
7170,42,16,42,49,97,36,30,42,66,80,59,65,4
7171,23,16,42,49,97,36,30,42,66,80,59,65,4
7172,42,60,42,49,97,36,30,42,66,80,59,65,4
7173,23,60,42,49,97,36,30,42,66,80,59,65,4
7174,42,16,24,72,33,36,30,42,66,80,59,65,4
7175,23,16,24,72,33,36,30,42,66,80,59,65,4
7176,42,60,24,72,33,36,30,42,66,80,59,65,4
7177,23,60,24,72,33,36,30,42,66,80,59,65,4
7178,42,16,42,72,33,36,30,42,66,80,59,65,4
7179,23,16,42,72,33,36,30,42,66,80,59,65,4
7180,42,60,42,72,33,36,30,42,66,80,59,65,4
7181,23,60,42,72,33,36,30,42,66,80,59,65,4
7182,42,16,24,49,33,36,30,42,66,80,59,65,4
7183,23,16,24,49,33,36,30,42,66,80,59,65,4
7184,42,60,24,49,33,36,30,42,66,80,59,65,4
7185,23,60,24,49,33,36,30,42,66,80,59,65,4
7186,42,16,42,49,33,36,30,42,66,80,59,65,4
7187,23,16,42,49,33,36,30,42,66,80,59,65,4
7188,42,60,42,49,33,36,30,42,66,80,59,65,4
7189,23,60,42,49,33,36,30,42,66,80,59,65,4
7190,23,16,24,72,97,37,44,78,20,80,59,65,4
7191,42,60,24,72,97,37,44,78,20,80,59,65,4
7192,23,60,24,72,97,37,44,78,20,80,59,65,4
7193,42,16,42,72,97,37,44,78,20,80,59,65,4
7194,23,16,42,72,97,37,44,78,20,80,59,65,4
7195,42,60,42,72,97,37,44,78,20,80,59,65,4
7196,42,16,24,49,97,37,44,78,20,80,59,65,4
7197,23,16,24,49,97,37,44,78,20,80,59,65,4
7198,42,60,24,49,97,37,44,78,20,80,59,65,4
7199,23,60,24,49,97,37,44,78,20,80,59,65,4
7200,42,16,42,49,97,37,44,78,20,80,59,65,4
7201,23,16,42,49,97,37,44,78,20,80,59,65,4
7202,23,60,42,49,97,37,44,78,20,80,59,65,4
7203,42,16,24,72,33,37,44,78,20,80,59,65,4
7204,23,16,24,72,33,37,44,78,20,80,59,65,4
7205,42,60,24,72,33,37,44,78,20,80,59,65,4
7206,23,60,24,72,33,37,44,78,20,80,59,65,4
7207,42,16,42,72,33,37,44,78,20,80,59,65,4
7208,23,16,42,72,33,37,44,78,20,80,59,65,4
7209,42,60,42,72,33,37,44,78,20,80,59,65,4
7210,23,60,42,72,33,37,44,78,20,80,59,65,4
7211,42,16,24,49,33,37,44,78,20,80,59,65,4
7212,23,16,24,49,33,37,44,78,20,80,59,65,4
7213,23,60,24,49,33,37,44,78,20,80,59,65,4
7214,42,16,42,49,33,37,44,78,20,80,59,65,4
7215,23,16,42,49,33,37,44,78,20,80,59,65,4
7216,42,60,42,49,33,37,44,78,20,80,59,65,4
7217,23,60,42,49,33,37,44,78,20,80,59,65,4
7218,42,16,24,72,97,36,44,78,20,80,59,65,4
7219,42,60,24,72,97,36,44,78,20,80,59,65,4
7220,23,60,24,72,97,36,44,78,20,80,59,65,4
7221,42,16,42,72,97,36,44,78,20,80,59,65,4
7222,23,16,42,72,97,36,44,78,20,80,59,65,4
7223,42,60,42,72,97,36,44,78,20,80,59,65,4
7224,23,60,42,72,97,36,44,78,20,80,59,65,4
7225,42,16,24,49,97,36,44,78,20,80,59,65,4
7226,23,16,24,49,97,36,44,78,20,80,59,65,4
7227,42,60,24,49,97,36,44,78,20,80,59,65,4
7228,23,60,24,49,97,36,44,78,20,80,59,65,4
7229,42,16,42,49,97,36,44,78,20,80,59,65,4
7230,23,16,42,49,97,36,44,78,20,80,59,65,4
7231,42,60,42,49,97,36,44,78,20,80,59,65,4
7232,23,60,42,49,97,36,44,78,20,80,59,65,4
7233,42,16,24,72,33,36,44,78,20,80,59,65,4
7234,42,60,24,72,33,36,44,78,20,80,59,65,4
7235,23,60,24,72,33,36,44,78,20,80,59,65,4
7236,42,16,42,72,33,36,44,78,20,80,59,65,4
7237,23,16,42,72,33,36,44,78,20,80,59,65,4
7238,42,60,42,72,33,36,44,78,20,80,59,65,4
7239,23,60,42,72,33,36,44,78,20,80,59,65,4
7240,42,16,24,49,33,36,44,78,20,80,59,65,4
7241,23,16,24,49,33,36,44,78,20,80,59,65,4
7242,42,60,24,49,33,36,44,78,20,80,59,65,4
7243,23,60,24,49,33,36,44,78,20,80,59,65,4
7244,42,16,42,49,33,36,44,78,20,80,59,65,4
7245,23,16,42,49,33,36,44,78,20,80,59,65,4
7246,42,60,42,49,33,36,44,78,20,80,59,65,4
7247,23,60,42,49,33,36,44,78,20,80,59,65,4
7248,42,16,24,72,97,37,30,78,20,80,59,65,4
7249,23,60,24,72,97,37,30,78,20,80,59,65,4
7250,42,16,42,72,97,37,30,78,20,80,59,65,4
7251,23,16,42,72,97,37,30,78,20,80,59,65,4
7252,42,60,42,72,97,37,30,78,20,80,59,65,4
7253,23,60,42,72,97,37,30,78,20,80,59,65,4
7254,42,16,24,49,97,37,30,78,20,80,59,65,4
7255,23,16,24,49,97,37,30,78,20,80,59,65,4
7256,23,60,24,49,97,37,30,78,20,80,59,65,4
7257,42,16,42,49,97,37,30,78,20,80,59,65,4
7258,23,16,42,49,97,37,30,78,20,80,59,65,4
7259,42,60,42,49,97,37,30,78,20,80,59,65,4
7260,23,60,42,49,97,37,30,78,20,80,59,65,4
7261,42,16,24,72,33,37,30,78,20,80,59,65,4
7262,23,16,24,72,33,37,30,78,20,80,59,65,4
7263,42,60,24,72,33,37,30,78,20,80,59,65,4
7264,23,60,24,72,33,37,30,78,20,80,59,65,4
7265,42,16,42,72,33,37,30,78,20,80,59,65,4
7266,23,16,42,72,33,37,30,78,20,80,59,65,4
7267,42,60,42,72,33,37,30,78,20,80,59,65,4
7268,23,60,42,72,33,37,30,78,20,80,59,65,4
7269,42,16,24,49,33,37,30,78,20,80,59,65,4
7270,23,16,24,49,33,37,30,78,20,80,59,65,4
7271,23,60,24,49,33,37,30,78,20,80,59,65,4
7272,42,16,42,49,33,37,30,78,20,80,59,65,4
7273,23,16,42,49,33,37,30,78,20,80,59,65,4
7274,42,60,42,49,33,37,30,78,20,80,59,65,4
7275,23,60,42,49,33,37,30,78,20,80,59,65,4
7276,42,16,24,72,97,36,30,78,20,80,59,65,4
7277,23,16,24,72,97,36,30,78,20,80,59,65,4
7278,42,60,24,72,97,36,30,78,20,80,59,65,4
7279,23,60,24,72,97,36,30,78,20,80,59,65,4
7280,42,16,42,72,97,36,30,78,20,80,59,65,4
7281,23,16,42,72,97,36,30,78,20,80,59,65,4
7282,42,60,42,72,97,36,30,78,20,80,59,65,4
7283,23,60,42,72,97,36,30,78,20,80,59,65,4
7284,42,16,24,49,97,36,30,78,20,80,59,65,4
7285,23,16,24,49,97,36,30,78,20,80,59,65,4
7286,23,60,24,49,97,36,30,78,20,80,59,65,4
7287,42,16,42,49,97,36,30,78,20,80,59,65,4
7288,23,16,42,49,97,36,30,78,20,80,59,65,4
7289,42,60,42,49,97,36,30,78,20,80,59,65,4
7290,23,60,42,49,97,36,30,78,20,80,59,65,4
7291,42,16,24,72,33,36,30,78,20,80,59,65,4
7292,23,16,24,72,33,36,30,78,20,80,59,65,4
7293,42,60,24,72,33,36,30,78,20,80,59,65,4
7294,23,60,24,72,33,36,30,78,20,80,59,65,4
7295,42,16,42,72,33,36,30,78,20,80,59,65,4
7296,23,16,42,72,33,36,30,78,20,80,59,65,4
7297,42,60,42,72,33,36,30,78,20,80,59,65,4
7298,23,60,42,72,33,36,30,78,20,80,59,65,4
7299,42,16,24,49,33,36,30,78,20,80,59,65,4
7300,23,16,24,49,33,36,30,78,20,80,59,65,4
7301,42,60,24,49,33,36,30,78,20,80,59,65,4
7302,23,60,24,49,33,36,30,78,20,80,59,65,4
7303,42,16,42,49,33,36,30,78,20,80,59,65,4
7304,23,16,42,49,33,36,30,78,20,80,59,65,4
7305,42,60,42,49,33,36,30,78,20,80,59,65,4
7306,23,60,42,49,33,36,30,78,20,80,59,65,4
7307,42,16,24,72,97,37,44,42,20,80,59,65,4
7308,23,16,24,72,97,37,44,42,20,80,59,65,4
7309,42,60,24,72,97,37,44,42,20,80,59,65,4
7310,23,60,24,72,97,37,44,42,20,80,59,65,4
7311,42,16,42,72,97,37,44,42,20,80,59,65,4
7312,23,16,42,72,97,37,44,42,20,80,59,65,4
7313,42,60,42,72,97,37,44,42,20,80,59,65,4
7314,23,60,42,72,97,37,44,42,20,80,59,65,4
7315,42,16,24,49,97,37,44,42,20,80,59,65,4
7316,23,16,24,49,97,37,44,42,20,80,59,65,4
7317,42,60,24,49,97,37,44,42,20,80,59,65,4
7318,23,60,24,49,97,37,44,42,20,80,59,65,4
7319,42,16,42,49,97,37,44,42,20,80,59,65,4
7320,23,16,42,49,97,37,44,42,20,80,59,65,4
7321,42,60,42,49,97,37,44,42,20,80,59,65,4
7322,23,60,42,49,97,37,44,42,20,80,59,65,4
7323,42,16,24,72,33,37,44,42,20,80,59,65,4
7324,23,16,24,72,33,37,44,42,20,80,59,65,4
7325,42,60,24,72,33,37,44,42,20,80,59,65,4
7326,23,60,24,72,33,37,44,42,20,80,59,65,4
7327,42,16,42,72,33,37,44,42,20,80,59,65,4
7328,23,16,42,72,33,37,44,42,20,80,59,65,4
7329,42,60,42,72,33,37,44,42,20,80,59,65,4
7330,23,60,42,72,33,37,44,42,20,80,59,65,4
7331,42,16,24,49,33,37,44,42,20,80,59,65,4
7332,23,16,24,49,33,37,44,42,20,80,59,65,4
7333,42,60,24,49,33,37,44,42,20,80,59,65,4
7334,23,60,24,49,33,37,44,42,20,80,59,65,4
7335,42,16,42,49,33,37,44,42,20,80,59,65,4
7336,23,16,42,49,33,37,44,42,20,80,59,65,4
7337,42,60,42,49,33,37,44,42,20,80,59,65,4
7338,23,60,42,49,33,37,44,42,20,80,59,65,4
7339,42,16,24,72,97,36,44,42,20,80,59,65,4
7340,23,16,24,72,97,36,44,42,20,80,59,65,4
7341,42,60,24,72,97,36,44,42,20,80,59,65,4
7342,23,60,24,72,97,36,44,42,20,80,59,65,4
7343,42,16,42,72,97,36,44,42,20,80,59,65,4
7344,23,16,42,72,97,36,44,42,20,80,59,65,4
7345,42,60,42,72,97,36,44,42,20,80,59,65,4
7346,23,60,42,72,97,36,44,42,20,80,59,65,4
7347,42,16,24,49,97,36,44,42,20,80,59,65,4
7348,23,16,24,49,97,36,44,42,20,80,59,65,4
7349,42,60,24,49,97,36,44,42,20,80,59,65,4
7350,23,60,24,49,97,36,44,42,20,80,59,65,4
7351,42,16,42,49,97,36,44,42,20,80,59,65,4
7352,23,16,42,49,97,36,44,42,20,80,59,65,4
7353,42,60,42,49,97,36,44,42,20,80,59,65,4
7354,23,60,42,49,97,36,44,42,20,80,59,65,4
7355,42,16,24,72,33,36,44,42,20,80,59,65,4
7356,23,16,24,72,33,36,44,42,20,80,59,65,4
7357,42,60,24,72,33,36,44,42,20,80,59,65,4
7358,23,60,24,72,33,36,44,42,20,80,59,65,4
7359,42,16,42,72,33,36,44,42,20,80,59,65,4
7360,23,16,42,72,33,36,44,42,20,80,59,65,4
7361,42,60,42,72,33,36,44,42,20,80,59,65,4
7362,23,60,42,72,33,36,44,42,20,80,59,65,4
7363,42,16,24,49,33,36,44,42,20,80,59,65,4
7364,23,16,24,49,33,36,44,42,20,80,59,65,4
7365,42,60,24,49,33,36,44,42,20,80,59,65,4
7366,23,60,24,49,33,36,44,42,20,80,59,65,4
7367,42,16,42,49,33,36,44,42,20,80,59,65,4
7368,23,16,42,49,33,36,44,42,20,80,59,65,4
7369,42,60,42,49,33,36,44,42,20,80,59,65,4
7370,23,60,42,49,33,36,44,42,20,80,59,65,4
7371,42,16,24,72,97,37,30,42,20,80,59,65,4
7372,23,16,24,72,97,37,30,42,20,80,59,65,4
7373,42,60,24,72,97,37,30,42,20,80,59,65,4
7374,23,60,24,72,97,37,30,42,20,80,59,65,4
7375,42,16,42,72,97,37,30,42,20,80,59,65,4
7376,23,16,42,72,97,37,30,42,20,80,59,65,4
7377,42,60,42,72,97,37,30,42,20,80,59,65,4
7378,23,60,42,72,97,37,30,42,20,80,59,65,4
7379,42,16,24,49,97,37,30,42,20,80,59,65,4
7380,23,16,24,49,97,37,30,42,20,80,59,65,4
7381,23,60,24,49,97,37,30,42,20,80,59,65,4
7382,42,16,42,49,97,37,30,42,20,80,59,65,4
7383,23,16,42,49,97,37,30,42,20,80,59,65,4
7384,42,60,42,49,97,37,30,42,20,80,59,65,4
7385,23,60,42,49,97,37,30,42,20,80,59,65,4
7386,42,16,24,72,33,37,30,42,20,80,59,65,4
7387,23,16,24,72,33,37,30,42,20,80,59,65,4
7388,42,60,24,72,33,37,30,42,20,80,59,65,4
7389,23,60,24,72,33,37,30,42,20,80,59,65,4
7390,42,16,42,72,33,37,30,42,20,80,59,65,4
7391,23,16,42,72,33,37,30,42,20,80,59,65,4
7392,42,60,42,72,33,37,30,42,20,80,59,65,4
7393,23,60,42,72,33,37,30,42,20,80,59,65,4
7394,42,16,24,49,33,37,30,42,20,80,59,65,4
7395,23,16,24,49,33,37,30,42,20,80,59,65,4
7396,42,60,24,49,33,37,30,42,20,80,59,65,4
7397,23,60,24,49,33,37,30,42,20,80,59,65,4
7398,42,16,42,49,33,37,30,42,20,80,59,65,4
7399,23,16,42,49,33,37,30,42,20,80,59,65,4
7400,42,60,42,49,33,37,30,42,20,80,59,65,4
7401,23,60,42,49,33,37,30,42,20,80,59,65,4
7402,42,16,24,72,97,36,30,42,20,80,59,65,4
7403,23,16,24,72,97,36,30,42,20,80,59,65,4
7404,42,60,24,72,97,36,30,42,20,80,59,65,4
7405,23,60,24,72,97,36,30,42,20,80,59,65,4
7406,42,16,42,72,97,36,30,42,20,80,59,65,4
7407,23,16,42,72,97,36,30,42,20,80,59,65,4
7408,42,60,42,72,97,36,30,42,20,80,59,65,4
7409,23,60,42,72,97,36,30,42,20,80,59,65,4
7410,42,16,24,49,97,36,30,42,20,80,59,65,4
7411,23,16,24,49,97,36,30,42,20,80,59,65,4
7412,42,60,24,49,97,36,30,42,20,80,59,65,4
7413,23,60,24,49,97,36,30,42,20,80,59,65,4
7414,42,16,42,49,97,36,30,42,20,80,59,65,4
7415,23,16,42,49,97,36,30,42,20,80,59,65,4
7416,42,60,42,49,97,36,30,42,20,80,59,65,4
7417,23,60,42,49,97,36,30,42,20,80,59,65,4
7418,42,16,24,72,33,36,30,42,20,80,59,65,4
7419,23,16,24,72,33,36,30,42,20,80,59,65,4
7420,42,60,24,72,33,36,30,42,20,80,59,65,4
7421,23,60,24,72,33,36,30,42,20,80,59,65,4
7422,42,16,42,72,33,36,30,42,20,80,59,65,4
7423,23,16,42,72,33,36,30,42,20,80,59,65,4
7424,42,60,42,72,33,36,30,42,20,80,59,65,4
7425,23,60,42,72,33,36,30,42,20,80,59,65,4
7426,42,16,24,49,33,36,30,42,20,80,59,65,4
7427,23,16,24,49,33,36,30,42,20,80,59,65,4
7428,42,60,24,49,33,36,30,42,20,80,59,65,4
7429,23,60,24,49,33,36,30,42,20,80,59,65,4
7430,42,16,42,49,33,36,30,42,20,80,59,65,4
7431,23,16,42,49,33,36,30,42,20,80,59,65,4
7432,42,60,42,49,33,36,30,42,20,80,59,65,4
7433,23,60,42,49,33,36,30,42,20,80,59,65,4
7434,42,16,24,72,97,37,44,78,66,21,59,65,4
7435,23,16,24,72,97,37,44,78,66,21,59,65,4
7436,42,60,24,72,97,37,44,78,66,21,59,65,4
7437,23,60,24,72,97,37,44,78,66,21,59,65,4
7438,42,16,42,72,97,37,44,78,66,21,59,65,4
7439,23,16,42,72,97,37,44,78,66,21,59,65,4
7440,42,60,42,72,97,37,44,78,66,21,59,65,4
7441,23,60,42,72,97,37,44,78,66,21,59,65,4
7442,42,16,24,49,97,37,44,78,66,21,59,65,4
7443,23,16,24,49,97,37,44,78,66,21,59,65,4
7444,42,60,24,49,97,37,44,78,66,21,59,65,4
7445,23,60,24,49,97,37,44,78,66,21,59,65,4
7446,42,16,42,49,97,37,44,78,66,21,59,65,4
7447,23,16,42,49,97,37,44,78,66,21,59,65,4
7448,42,60,42,49,97,37,44,78,66,21,59,65,4
7449,23,60,42,49,97,37,44,78,66,21,59,65,4
7450,42,16,24,72,33,37,44,78,66,21,59,65,4
7451,23,16,24,72,33,37,44,78,66,21,59,65,4
7452,42,60,24,72,33,37,44,78,66,21,59,65,4
7453,23,60,24,72,33,37,44,78,66,21,59,65,4
7454,42,16,42,72,33,37,44,78,66,21,59,65,4
7455,23,16,42,72,33,37,44,78,66,21,59,65,4
7456,42,60,42,72,33,37,44,78,66,21,59,65,4
7457,23,60,42,72,33,37,44,78,66,21,59,65,4
7458,42,16,24,49,33,37,44,78,66,21,59,65,4
7459,42,60,24,49,33,37,44,78,66,21,59,65,4
7460,23,60,24,49,33,37,44,78,66,21,59,65,4
7461,42,16,42,49,33,37,44,78,66,21,59,65,4
7462,23,16,42,49,33,37,44,78,66,21,59,65,4
7463,42,60,42,49,33,37,44,78,66,21,59,65,4
7464,23,60,42,49,33,37,44,78,66,21,59,65,4
7465,42,16,24,72,97,36,44,78,66,21,59,65,4
7466,23,16,24,72,97,36,44,78,66,21,59,65,4
7467,42,60,24,72,97,36,44,78,66,21,59,65,4
7468,23,60,24,72,97,36,44,78,66,21,59,65,4
7469,42,16,42,72,97,36,44,78,66,21,59,65,4
7470,23,16,42,72,97,36,44,78,66,21,59,65,4
7471,42,60,42,72,97,36,44,78,66,21,59,65,4
7472,23,60,42,72,97,36,44,78,66,21,59,65,4
7473,42,16,24,49,97,36,44,78,66,21,59,65,4
7474,23,16,24,49,97,36,44,78,66,21,59,65,4
7475,42,60,24,49,97,36,44,78,66,21,59,65,4
7476,23,60,24,49,97,36,44,78,66,21,59,65,4
7477,42,16,42,49,97,36,44,78,66,21,59,65,4
7478,23,16,42,49,97,36,44,78,66,21,59,65,4
7479,42,60,42,49,97,36,44,78,66,21,59,65,4
7480,23,60,42,49,97,36,44,78,66,21,59,65,4
7481,42,16,24,72,33,36,44,78,66,21,59,65,4
7482,23,16,24,72,33,36,44,78,66,21,59,65,4
7483,42,60,24,72,33,36,44,78,66,21,59,65,4
7484,23,60,24,72,33,36,44,78,66,21,59,65,4
7485,42,16,42,72,33,36,44,78,66,21,59,65,4
7486,23,16,42,72,33,36,44,78,66,21,59,65,4
7487,42,60,42,72,33,36,44,78,66,21,59,65,4
7488,23,60,42,72,33,36,44,78,66,21,59,65,4
7489,42,16,24,49,33,36,44,78,66,21,59,65,4
7490,23,16,24,49,33,36,44,78,66,21,59,65,4
7491,42,60,24,49,33,36,44,78,66,21,59,65,4
7492,23,60,24,49,33,36,44,78,66,21,59,65,4
7493,42,16,42,49,33,36,44,78,66,21,59,65,4
7494,23,16,42,49,33,36,44,78,66,21,59,65,4
7495,42,60,42,49,33,36,44,78,66,21,59,65,4
7496,23,60,42,49,33,36,44,78,66,21,59,65,4
7497,42,16,24,72,97,37,30,78,66,21,59,65,4
7498,23,16,24,72,97,37,30,78,66,21,59,65,4
7499,42,60,24,72,97,37,30,78,66,21,59,65,4
7500,23,60,24,72,97,37,30,78,66,21,59,65,4
7501,42,16,42,72,97,37,30,78,66,21,59,65,4
7502,23,16,42,72,97,37,30,78,66,21,59,65,4
7503,42,60,42,72,97,37,30,78,66,21,59,65,4
7504,23,60,42,72,97,37,30,78,66,21,59,65,4
7505,23,16,24,49,97,37,30,78,66,21,59,65,4
7506,42,60,24,49,97,37,30,78,66,21,59,65,4
7507,23,60,24,49,97,37,30,78,66,21,59,65,4
7508,42,16,42,49,97,37,30,78,66,21,59,65,4
7509,23,16,42,49,97,37,30,78,66,21,59,65,4
7510,42,60,42,49,97,37,30,78,66,21,59,65,4
7511,23,60,42,49,97,37,30,78,66,21,59,65,4
7512,42,16,24,72,33,37,30,78,66,21,59,65,4
7513,23,16,24,72,33,37,30,78,66,21,59,65,4
7514,42,60,24,72,33,37,30,78,66,21,59,65,4
7515,23,60,24,72,33,37,30,78,66,21,59,65,4
7516,42,16,42,72,33,37,30,78,66,21,59,65,4
7517,23,16,42,72,33,37,30,78,66,21,59,65,4
7518,42,60,42,72,33,37,30,78,66,21,59,65,4
7519,23,60,42,72,33,37,30,78,66,21,59,65,4
7520,42,16,24,49,33,37,30,78,66,21,59,65,4
7521,23,16,24,49,33,37,30,78,66,21,59,65,4
7522,42,60,24,49,33,37,30,78,66,21,59,65,4
7523,23,60,24,49,33,37,30,78,66,21,59,65,4
7524,42,16,42,49,33,37,30,78,66,21,59,65,4
7525,42,60,42,49,33,37,30,78,66,21,59,65,4
7526,23,60,42,49,33,37,30,78,66,21,59,65,4
7527,42,16,24,72,97,36,30,78,66,21,59,65,4
7528,23,16,24,72,97,36,30,78,66,21,59,65,4
7529,42,60,24,72,97,36,30,78,66,21,59,65,4
7530,23,60,24,72,97,36,30,78,66,21,59,65,4
7531,42,16,42,72,97,36,30,78,66,21,59,65,4
7532,23,16,42,72,97,36,30,78,66,21,59,65,4
7533,42,60,42,72,97,36,30,78,66,21,59,65,4
7534,23,60,42,72,97,36,30,78,66,21,59,65,4
7535,42,16,24,49,97,36,30,78,66,21,59,65,4
7536,23,16,24,49,97,36,30,78,66,21,59,65,4
7537,23,60,24,49,97,36,30,78,66,21,59,65,4
7538,42,16,42,49,97,36,30,78,66,21,59,65,4
7539,23,16,42,49,97,36,30,78,66,21,59,65,4
7540,42,60,42,49,97,36,30,78,66,21,59,65,4
7541,42,16,24,72,33,36,30,78,66,21,59,65,4
7542,23,16,24,72,33,36,30,78,66,21,59,65,4
7543,42,60,24,72,33,36,30,78,66,21,59,65,4
7544,23,60,24,72,33,36,30,78,66,21,59,65,4
7545,42,16,42,72,33,36,30,78,66,21,59,65,4
7546,23,16,42,72,33,36,30,78,66,21,59,65,4
7547,42,60,42,72,33,36,30,78,66,21,59,65,4
7548,23,60,42,72,33,36,30,78,66,21,59,65,4
7549,42,16,24,49,33,36,30,78,66,21,59,65,4
7550,23,16,24,49,33,36,30,78,66,21,59,65,4
7551,42,60,24,49,33,36,30,78,66,21,59,65,4
7552,23,60,24,49,33,36,30,78,66,21,59,65,4
7553,42,16,42,49,33,36,30,78,66,21,59,65,4
7554,23,16,42,49,33,36,30,78,66,21,59,65,4
7555,42,60,42,49,33,36,30,78,66,21,59,65,4
7556,23,60,42,49,33,36,30,78,66,21,59,65,4
7557,42,16,24,72,97,37,44,42,66,21,59,65,4
7558,23,16,24,72,97,37,44,42,66,21,59,65,4
7559,42,60,24,72,97,37,44,42,66,21,59,65,4
7560,23,60,24,72,97,37,44,42,66,21,59,65,4
7561,42,16,42,72,97,37,44,42,66,21,59,65,4
7562,23,16,42,72,97,37,44,42,66,21,59,65,4
7563,42,60,42,72,97,37,44,42,66,21,59,65,4
7564,23,60,42,72,97,37,44,42,66,21,59,65,4
7565,42,16,24,49,97,37,44,42,66,21,59,65,4
7566,23,16,24,49,97,37,44,42,66,21,59,65,4
7567,42,60,24,49,97,37,44,42,66,21,59,65,4
7568,23,60,24,49,97,37,44,42,66,21,59,65,4
7569,42,16,42,49,97,37,44,42,66,21,59,65,4
7570,23,16,42,49,97,37,44,42,66,21,59,65,4
7571,42,60,42,49,97,37,44,42,66,21,59,65,4
7572,23,60,42,49,97,37,44,42,66,21,59,65,4
7573,42,16,24,72,33,37,44,42,66,21,59,65,4
7574,23,16,24,72,33,37,44,42,66,21,59,65,4
7575,42,60,24,72,33,37,44,42,66,21,59,65,4
7576,23,60,24,72,33,37,44,42,66,21,59,65,4
7577,42,16,42,72,33,37,44,42,66,21,59,65,4
7578,23,16,42,72,33,37,44,42,66,21,59,65,4
7579,42,60,42,72,33,37,44,42,66,21,59,65,4
7580,23,60,42,72,33,37,44,42,66,21,59,65,4
7581,42,16,24,49,33,37,44,42,66,21,59,65,4
7582,23,16,24,49,33,37,44,42,66,21,59,65,4
7583,42,60,24,49,33,37,44,42,66,21,59,65,4
7584,23,60,24,49,33,37,44,42,66,21,59,65,4
7585,42,16,42,49,33,37,44,42,66,21,59,65,4
7586,23,16,42,49,33,37,44,42,66,21,59,65,4
7587,42,60,42,49,33,37,44,42,66,21,59,65,4
7588,23,60,42,49,33,37,44,42,66,21,59,65,4
7589,42,16,24,72,97,36,44,42,66,21,59,65,4
7590,23,16,24,72,97,36,44,42,66,21,59,65,4
7591,42,60,24,72,97,36,44,42,66,21,59,65,4
7592,23,60,24,72,97,36,44,42,66,21,59,65,4
7593,42,16,42,72,97,36,44,42,66,21,59,65,4
7594,23,16,42,72,97,36,44,42,66,21,59,65,4
7595,42,60,42,72,97,36,44,42,66,21,59,65,4
7596,23,60,42,72,97,36,44,42,66,21,59,65,4
7597,42,16,24,49,97,36,44,42,66,21,59,65,4
7598,23,16,24,49,97,36,44,42,66,21,59,65,4
7599,42,60,24,49,97,36,44,42,66,21,59,65,4
7600,23,60,24,49,97,36,44,42,66,21,59,65,4
7601,42,16,42,49,97,36,44,42,66,21,59,65,4
7602,23,16,42,49,97,36,44,42,66,21,59,65,4
7603,42,60,42,49,97,36,44,42,66,21,59,65,4
7604,23,60,42,49,97,36,44,42,66,21,59,65,4
7605,42,16,24,72,33,36,44,42,66,21,59,65,4
7606,23,16,24,72,33,36,44,42,66,21,59,65,4
7607,42,60,24,72,33,36,44,42,66,21,59,65,4
7608,23,60,24,72,33,36,44,42,66,21,59,65,4
7609,42,16,42,72,33,36,44,42,66,21,59,65,4
7610,23,16,42,72,33,36,44,42,66,21,59,65,4
7611,42,60,42,72,33,36,44,42,66,21,59,65,4
7612,23,60,42,72,33,36,44,42,66,21,59,65,4
7613,42,16,24,49,33,36,44,42,66,21,59,65,4
7614,23,16,24,49,33,36,44,42,66,21,59,65,4
7615,42,60,24,49,33,36,44,42,66,21,59,65,4
7616,23,60,24,49,33,36,44,42,66,21,59,65,4
7617,42,16,42,49,33,36,44,42,66,21,59,65,4
7618,23,16,42,49,33,36,44,42,66,21,59,65,4
7619,42,60,42,49,33,36,44,42,66,21,59,65,4
7620,23,60,42,49,33,36,44,42,66,21,59,65,4
7621,42,16,24,72,97,37,30,42,66,21,59,65,4
7622,23,16,24,72,97,37,30,42,66,21,59,65,4
7623,23,60,24,72,97,37,30,42,66,21,59,65,4
7624,42,16,42,72,97,37,30,42,66,21,59,65,4
7625,23,16,42,72,97,37,30,42,66,21,59,65,4
7626,42,60,42,72,97,37,30,42,66,21,59,65,4
7627,23,60,42,72,97,37,30,42,66,21,59,65,4
7628,42,16,24,49,97,37,30,42,66,21,59,65,4
7629,23,16,24,49,97,37,30,42,66,21,59,65,4
7630,42,60,24,49,97,37,30,42,66,21,59,65,4
7631,23,60,24,49,97,37,30,42,66,21,59,65,4
7632,42,16,42,49,97,37,30,42,66,21,59,65,4
7633,23,16,42,49,97,37,30,42,66,21,59,65,4
7634,42,60,42,49,97,37,30,42,66,21,59,65,4
7635,23,60,42,49,97,37,30,42,66,21,59,65,4
7636,42,16,24,72,33,37,30,42,66,21,59,65,4
7637,23,16,24,72,33,37,30,42,66,21,59,65,4
7638,42,60,24,72,33,37,30,42,66,21,59,65,4
7639,23,60,24,72,33,37,30,42,66,21,59,65,4
7640,42,16,42,72,33,37,30,42,66,21,59,65,4
7641,23,16,42,72,33,37,30,42,66,21,59,65,4
7642,42,60,42,72,33,37,30,42,66,21,59,65,4
7643,23,60,42,72,33,37,30,42,66,21,59,65,4
7644,42,16,24,49,33,37,30,42,66,21,59,65,4
7645,23,16,24,49,33,37,30,42,66,21,59,65,4
7646,42,60,24,49,33,37,30,42,66,21,59,65,4
7647,23,60,24,49,33,37,30,42,66,21,59,65,4
7648,42,16,42,49,33,37,30,42,66,21,59,65,4
7649,23,16,42,49,33,37,30,42,66,21,59,65,4
7650,42,60,42,49,33,37,30,42,66,21,59,65,4
7651,23,60,42,49,33,37,30,42,66,21,59,65,4
7652,42,16,24,72,97,36,30,42,66,21,59,65,4
7653,23,16,24,72,97,36,30,42,66,21,59,65,4
7654,42,60,24,72,97,36,30,42,66,21,59,65,4
7655,23,60,24,72,97,36,30,42,66,21,59,65,4
7656,42,16,42,72,97,36,30,42,66,21,59,65,4
7657,23,16,42,72,97,36,30,42,66,21,59,65,4
7658,42,60,42,72,97,36,30,42,66,21,59,65,4
7659,23,60,42,72,97,36,30,42,66,21,59,65,4
7660,42,16,24,49,97,36,30,42,66,21,59,65,4
7661,23,16,24,49,97,36,30,42,66,21,59,65,4
7662,42,60,24,49,97,36,30,42,66,21,59,65,4
7663,23,60,24,49,97,36,30,42,66,21,59,65,4
7664,42,16,42,49,97,36,30,42,66,21,59,65,4
7665,23,16,42,49,97,36,30,42,66,21,59,65,4
7666,42,60,42,49,97,36,30,42,66,21,59,65,4
7667,23,60,42,49,97,36,30,42,66,21,59,65,4
7668,42,16,24,72,33,36,30,42,66,21,59,65,4
7669,23,16,24,72,33,36,30,42,66,21,59,65,4
7670,42,60,24,72,33,36,30,42,66,21,59,65,4
7671,23,60,24,72,33,36,30,42,66,21,59,65,4
7672,42,16,42,72,33,36,30,42,66,21,59,65,4
7673,23,16,42,72,33,36,30,42,66,21,59,65,4
7674,42,60,42,72,33,36,30,42,66,21,59,65,4
7675,23,60,42,72,33,36,30,42,66,21,59,65,4
7676,42,16,24,49,33,36,30,42,66,21,59,65,4
7677,23,16,24,49,33,36,30,42,66,21,59,65,4
7678,42,60,24,49,33,36,30,42,66,21,59,65,4
7679,23,60,24,49,33,36,30,42,66,21,59,65,4
7680,42,16,42,49,33,36,30,42,66,21,59,65,4
7681,23,16,42,49,33,36,30,42,66,21,59,65,4
7682,42,60,42,49,33,36,30,42,66,21,59,65,4
7683,23,60,42,49,33,36,30,42,66,21,59,65,4
7684,42,16,24,72,97,37,44,78,20,21,59,65,4
7685,23,16,24,72,97,37,44,78,20,21,59,65,4
7686,42,60,24,72,97,37,44,78,20,21,59,65,4
7687,23,60,24,72,97,37,44,78,20,21,59,65,4
7688,42,16,42,72,97,37,44,78,20,21,59,65,4
7689,23,16,42,72,97,37,44,78,20,21,59,65,4
7690,42,60,42,72,97,37,44,78,20,21,59,65,4
7691,23,60,42,72,97,37,44,78,20,21,59,65,4
7692,42,16,24,49,97,37,44,78,20,21,59,65,4
7693,23,16,24,49,97,37,44,78,20,21,59,65,4
7694,23,60,24,49,97,37,44,78,20,21,59,65,4
7695,42,16,42,49,97,37,44,78,20,21,59,65,4
7696,23,16,42,49,97,37,44,78,20,21,59,65,4
7697,42,60,42,49,97,37,44,78,20,21,59,65,4
7698,23,60,42,49,97,37,44,78,20,21,59,65,4
7699,42,16,24,72,33,37,44,78,20,21,59,65,4
7700,23,16,24,72,33,37,44,78,20,21,59,65,4
7701,42,60,24,72,33,37,44,78,20,21,59,65,4
7702,23,60,24,72,33,37,44,78,20,21,59,65,4
7703,42,16,42,72,33,37,44,78,20,21,59,65,4
7704,23,16,42,72,33,37,44,78,20,21,59,65,4
7705,42,60,42,72,33,37,44,78,20,21,59,65,4
7706,23,60,42,72,33,37,44,78,20,21,59,65,4
7707,42,16,24,49,33,37,44,78,20,21,59,65,4
7708,23,16,24,49,33,37,44,78,20,21,59,65,4
7709,42,60,24,49,33,37,44,78,20,21,59,65,4
7710,23,60,24,49,33,37,44,78,20,21,59,65,4
7711,42,16,42,49,33,37,44,78,20,21,59,65,4
7712,23,16,42,49,33,37,44,78,20,21,59,65,4
7713,42,60,42,49,33,37,44,78,20,21,59,65,4
7714,23,60,42,49,33,37,44,78,20,21,59,65,4
7715,42,16,24,72,97,36,44,78,20,21,59,65,4
7716,23,16,24,72,97,36,44,78,20,21,59,65,4
7717,42,60,24,72,97,36,44,78,20,21,59,65,4
7718,23,60,24,72,97,36,44,78,20,21,59,65,4
7719,42,16,42,72,97,36,44,78,20,21,59,65,4
7720,23,16,42,72,97,36,44,78,20,21,59,65,4
7721,42,60,42,72,97,36,44,78,20,21,59,65,4
7722,23,60,42,72,97,36,44,78,20,21,59,65,4
7723,42,16,24,49,97,36,44,78,20,21,59,65,4
7724,23,16,24,49,97,36,44,78,20,21,59,65,4
7725,42,60,24,49,97,36,44,78,20,21,59,65,4
7726,23,60,24,49,97,36,44,78,20,21,59,65,4
7727,42,16,42,49,97,36,44,78,20,21,59,65,4
7728,23,16,42,49,97,36,44,78,20,21,59,65,4
7729,42,60,42,49,97,36,44,78,20,21,59,65,4
7730,23,60,42,49,97,36,44,78,20,21,59,65,4
7731,42,16,24,72,33,36,44,78,20,21,59,65,4
7732,23,16,24,72,33,36,44,78,20,21,59,65,4
7733,42,60,24,72,33,36,44,78,20,21,59,65,4
7734,23,60,24,72,33,36,44,78,20,21,59,65,4
7735,42,16,42,72,33,36,44,78,20,21,59,65,4
7736,23,16,42,72,33,36,44,78,20,21,59,65,4
7737,42,60,42,72,33,36,44,78,20,21,59,65,4
7738,23,60,42,72,33,36,44,78,20,21,59,65,4
7739,42,16,24,49,33,36,44,78,20,21,59,65,4
7740,23,16,24,49,33,36,44,78,20,21,59,65,4
7741,42,60,24,49,33,36,44,78,20,21,59,65,4
7742,23,60,24,49,33,36,44,78,20,21,59,65,4
7743,42,16,42,49,33,36,44,78,20,21,59,65,4
7744,23,16,42,49,33,36,44,78,20,21,59,65,4
7745,23,60,42,49,33,36,44,78,20,21,59,65,4
7746,42,16,24,72,97,37,30,78,20,21,59,65,4
7747,23,16,24,72,97,37,30,78,20,21,59,65,4
7748,42,60,24,72,97,37,30,78,20,21,59,65,4
7749,23,60,24,72,97,37,30,78,20,21,59,65,4
7750,42,16,42,72,97,37,30,78,20,21,59,65,4
7751,23,16,42,72,97,37,30,78,20,21,59,65,4
7752,42,60,42,72,97,37,30,78,20,21,59,65,4
7753,23,60,42,72,97,37,30,78,20,21,59,65,4
7754,23,16,24,49,97,37,30,78,20,21,59,65,4
7755,42,60,24,49,97,37,30,78,20,21,59,65,4
7756,23,60,24,49,97,37,30,78,20,21,59,65,4
7757,42,16,42,49,97,37,30,78,20,21,59,65,4
7758,23,16,42,49,97,37,30,78,20,21,59,65,4
7759,23,60,42,49,97,37,30,78,20,21,59,65,4
7760,42,16,24,72,33,37,30,78,20,21,59,65,4
7761,23,16,24,72,33,37,30,78,20,21,59,65,4
7762,23,60,24,72,33,37,30,78,20,21,59,65,4
7763,42,16,42,72,33,37,30,78,20,21,59,65,4
7764,23,16,42,72,33,37,30,78,20,21,59,65,4
7765,42,60,42,72,33,37,30,78,20,21,59,65,4
7766,23,60,42,72,33,37,30,78,20,21,59,65,4
7767,42,16,24,49,33,37,30,78,20,21,59,65,4
7768,23,16,24,49,33,37,30,78,20,21,59,65,4
7769,42,60,24,49,33,37,30,78,20,21,59,65,4
7770,23,60,24,49,33,37,30,78,20,21,59,65,4
7771,42,16,42,49,33,37,30,78,20,21,59,65,4
7772,23,16,42,49,33,37,30,78,20,21,59,65,4
7773,42,60,42,49,33,37,30,78,20,21,59,65,4
7774,23,60,42,49,33,37,30,78,20,21,59,65,4
7775,42,16,24,72,97,36,30,78,20,21,59,65,4
7776,23,16,24,72,97,36,30,78,20,21,59,65,4
7777,42,60,24,72,97,36,30,78,20,21,59,65,4
7778,23,60,24,72,97,36,30,78,20,21,59,65,4
7779,42,16,42,72,97,36,30,78,20,21,59,65,4
7780,23,16,42,72,97,36,30,78,20,21,59,65,4
7781,42,60,42,72,97,36,30,78,20,21,59,65,4
7782,23,60,42,72,97,36,30,78,20,21,59,65,4
7783,42,16,24,49,97,36,30,78,20,21,59,65,4
7784,23,16,24,49,97,36,30,78,20,21,59,65,4
7785,42,60,24,49,97,36,30,78,20,21,59,65,4
7786,23,60,24,49,97,36,30,78,20,21,59,65,4
7787,42,16,42,49,97,36,30,78,20,21,59,65,4
7788,23,16,42,49,97,36,30,78,20,21,59,65,4
7789,42,60,42,49,97,36,30,78,20,21,59,65,4
7790,23,60,42,49,97,36,30,78,20,21,59,65,4
7791,42,16,24,72,33,36,30,78,20,21,59,65,4
7792,23,16,24,72,33,36,30,78,20,21,59,65,4
7793,42,60,24,72,33,36,30,78,20,21,59,65,4
7794,23,60,24,72,33,36,30,78,20,21,59,65,4
7795,42,16,42,72,33,36,30,78,20,21,59,65,4
7796,23,16,42,72,33,36,30,78,20,21,59,65,4
7797,42,60,42,72,33,36,30,78,20,21,59,65,4
7798,23,60,42,72,33,36,30,78,20,21,59,65,4
7799,23,16,24,49,33,36,30,78,20,21,59,65,4
7800,42,60,24,49,33,36,30,78,20,21,59,65,4
7801,23,60,24,49,33,36,30,78,20,21,59,65,4
7802,42,16,42,49,33,36,30,78,20,21,59,65,4
7803,23,16,42,49,33,36,30,78,20,21,59,65,4
7804,42,60,42,49,33,36,30,78,20,21,59,65,4
7805,23,60,42,49,33,36,30,78,20,21,59,65,4
7806,42,16,24,72,97,37,44,42,20,21,59,65,4
7807,23,16,24,72,97,37,44,42,20,21,59,65,4
7808,42,60,24,72,97,37,44,42,20,21,59,65,4
7809,23,60,24,72,97,37,44,42,20,21,59,65,4
7810,42,16,42,72,97,37,44,42,20,21,59,65,4
7811,23,16,42,72,97,37,44,42,20,21,59,65,4
7812,42,60,42,72,97,37,44,42,20,21,59,65,4
7813,23,60,42,72,97,37,44,42,20,21,59,65,4
7814,42,16,24,49,97,37,44,42,20,21,59,65,4
7815,23,16,24,49,97,37,44,42,20,21,59,65,4
7816,42,60,24,49,97,37,44,42,20,21,59,65,4
7817,23,60,24,49,97,37,44,42,20,21,59,65,4
7818,42,16,42,49,97,37,44,42,20,21,59,65,4
7819,23,16,42,49,97,37,44,42,20,21,59,65,4
7820,42,60,42,49,97,37,44,42,20,21,59,65,4
7821,23,60,42,49,97,37,44,42,20,21,59,65,4
7822,42,16,24,72,33,37,44,42,20,21,59,65,4
7823,23,16,24,72,33,37,44,42,20,21,59,65,4
7824,42,60,24,72,33,37,44,42,20,21,59,65,4
7825,23,60,24,72,33,37,44,42,20,21,59,65,4
7826,42,16,42,72,33,37,44,42,20,21,59,65,4
7827,23,16,42,72,33,37,44,42,20,21,59,65,4
7828,42,60,42,72,33,37,44,42,20,21,59,65,4
7829,23,60,42,72,33,37,44,42,20,21,59,65,4
7830,42,16,24,49,33,37,44,42,20,21,59,65,4
7831,23,16,24,49,33,37,44,42,20,21,59,65,4
7832,42,60,24,49,33,37,44,42,20,21,59,65,4
7833,23,60,24,49,33,37,44,42,20,21,59,65,4
7834,42,16,42,49,33,37,44,42,20,21,59,65,4
7835,23,16,42,49,33,37,44,42,20,21,59,65,4
7836,42,60,42,49,33,37,44,42,20,21,59,65,4
7837,23,60,42,49,33,37,44,42,20,21,59,65,4
7838,42,16,24,72,97,36,44,42,20,21,59,65,4
7839,23,16,24,72,97,36,44,42,20,21,59,65,4
7840,42,60,24,72,97,36,44,42,20,21,59,65,4
7841,23,60,24,72,97,36,44,42,20,21,59,65,4
7842,42,16,42,72,97,36,44,42,20,21,59,65,4
7843,23,16,42,72,97,36,44,42,20,21,59,65,4
7844,42,60,42,72,97,36,44,42,20,21,59,65,4
7845,23,60,42,72,97,36,44,42,20,21,59,65,4
7846,42,16,24,49,97,36,44,42,20,21,59,65,4
7847,23,16,24,49,97,36,44,42,20,21,59,65,4
7848,42,60,24,49,97,36,44,42,20,21,59,65,4
7849,23,60,24,49,97,36,44,42,20,21,59,65,4
7850,42,16,42,49,97,36,44,42,20,21,59,65,4
7851,23,16,42,49,97,36,44,42,20,21,59,65,4
7852,42,60,42,49,97,36,44,42,20,21,59,65,4
7853,23,60,42,49,97,36,44,42,20,21,59,65,4
7854,42,16,24,72,33,36,44,42,20,21,59,65,4
7855,23,16,24,72,33,36,44,42,20,21,59,65,4
7856,42,60,24,72,33,36,44,42,20,21,59,65,4
7857,23,60,24,72,33,36,44,42,20,21,59,65,4
7858,42,16,42,72,33,36,44,42,20,21,59,65,4
7859,23,16,42,72,33,36,44,42,20,21,59,65,4
7860,42,60,42,72,33,36,44,42,20,21,59,65,4
7861,23,60,42,72,33,36,44,42,20,21,59,65,4
7862,42,16,24,49,33,36,44,42,20,21,59,65,4
7863,23,16,24,49,33,36,44,42,20,21,59,65,4
7864,42,60,24,49,33,36,44,42,20,21,59,65,4
7865,23,60,24,49,33,36,44,42,20,21,59,65,4
7866,42,16,42,49,33,36,44,42,20,21,59,65,4
7867,23,16,42,49,33,36,44,42,20,21,59,65,4
7868,42,60,42,49,33,36,44,42,20,21,59,65,4
7869,23,60,42,49,33,36,44,42,20,21,59,65,4
7870,42,16,24,72,97,37,30,42,20,21,59,65,4
7871,23,16,24,72,97,37,30,42,20,21,59,65,4
7872,42,60,24,72,97,37,30,42,20,21,59,65,4
7873,23,60,24,72,97,37,30,42,20,21,59,65,4
7874,42,16,42,72,97,37,30,42,20,21,59,65,4
7875,23,16,42,72,97,37,30,42,20,21,59,65,4
7876,42,60,42,72,97,37,30,42,20,21,59,65,4
7877,23,60,42,72,97,37,30,42,20,21,59,65,4
7878,42,16,24,49,97,37,30,42,20,21,59,65,4
7879,23,16,24,49,97,37,30,42,20,21,59,65,4
7880,23,60,24,49,97,37,30,42,20,21,59,65,4
7881,42,16,42,49,97,37,30,42,20,21,59,65,4
7882,23,16,42,49,97,37,30,42,20,21,59,65,4
7883,42,60,42,49,97,37,30,42,20,21,59,65,4
7884,23,60,42,49,97,37,30,42,20,21,59,65,4
7885,42,16,24,72,33,37,30,42,20,21,59,65,4
7886,23,16,24,72,33,37,30,42,20,21,59,65,4
7887,42,60,24,72,33,37,30,42,20,21,59,65,4
7888,23,60,24,72,33,37,30,42,20,21,59,65,4
7889,42,16,42,72,33,37,30,42,20,21,59,65,4
7890,23,16,42,72,33,37,30,42,20,21,59,65,4
7891,42,60,42,72,33,37,30,42,20,21,59,65,4
7892,23,60,42,72,33,37,30,42,20,21,59,65,4
7893,42,16,24,49,33,37,30,42,20,21,59,65,4
7894,23,16,24,49,33,37,30,42,20,21,59,65,4
7895,42,60,24,49,33,37,30,42,20,21,59,65,4
7896,23,60,24,49,33,37,30,42,20,21,59,65,4
7897,42,16,42,49,33,37,30,42,20,21,59,65,4
7898,23,16,42,49,33,37,30,42,20,21,59,65,4
7899,42,60,42,49,33,37,30,42,20,21,59,65,4
7900,23,60,42,49,33,37,30,42,20,21,59,65,4
7901,42,16,24,72,97,36,30,42,20,21,59,65,4
7902,23,16,24,72,97,36,30,42,20,21,59,65,4
7903,42,60,24,72,97,36,30,42,20,21,59,65,4
7904,23,60,24,72,97,36,30,42,20,21,59,65,4
7905,42,16,42,72,97,36,30,42,20,21,59,65,4
7906,23,16,42,72,97,36,30,42,20,21,59,65,4
7907,42,60,42,72,97,36,30,42,20,21,59,65,4
7908,23,60,42,72,97,36,30,42,20,21,59,65,4
7909,42,16,24,49,97,36,30,42,20,21,59,65,4
7910,23,16,24,49,97,36,30,42,20,21,59,65,4
7911,42,60,24,49,97,36,30,42,20,21,59,65,4
7912,23,60,24,49,97,36,30,42,20,21,59,65,4
7913,42,16,42,49,97,36,30,42,20,21,59,65,4
7914,23,16,42,49,97,36,30,42,20,21,59,65,4
7915,42,60,42,49,97,36,30,42,20,21,59,65,4
7916,23,60,42,49,97,36,30,42,20,21,59,65,4
7917,42,16,24,72,33,36,30,42,20,21,59,65,4
7918,23,16,24,72,33,36,30,42,20,21,59,65,4
7919,42,60,24,72,33,36,30,42,20,21,59,65,4
7920,23,60,24,72,33,36,30,42,20,21,59,65,4
7921,42,16,42,72,33,36,30,42,20,21,59,65,4
7922,23,16,42,72,33,36,30,42,20,21,59,65,4
7923,42,60,42,72,33,36,30,42,20,21,59,65,4
7924,23,60,42,72,33,36,30,42,20,21,59,65,4
7925,42,16,24,49,33,36,30,42,20,21,59,65,4
7926,23,16,24,49,33,36,30,42,20,21,59,65,4
7927,42,60,24,49,33,36,30,42,20,21,59,65,4
7928,23,60,24,49,33,36,30,42,20,21,59,65,4
7929,42,16,42,49,33,36,30,42,20,21,59,65,4
7930,23,16,42,49,33,36,30,42,20,21,59,65,4
7931,42,60,42,49,33,36,30,42,20,21,59,65,4
7932,23,60,42,49,33,36,30,42,20,21,59,65,4
